730
-1264
-1389
1639
424
2430
-1709
-1477
-649
972
-1661
-2325
-1718
2046
-1901
-857
-848
-1124
-1105
-1111
1507
1493
-2037
1091
-1565
1223
827
269
-2004
1627
1595
2276
-1352
1236
1491
2340
1684
-1887
1712
-1386
-906
774
1931
1932
-1855
983
1594
-675
-504
1332
1518
-1360
2430
-1016
-1812
-2231
1330
904
1259
2021
2363
-1483
2064
-2658
1647
609
2405
1643
-1550
-1415
580
-1791
-1091
1447
1264
-1817
-2676
-1622
-883
-1369
1579
-2212
518
-1792
-2673
2015
-1092
2225
827
-2377
-1071
-925
1170
-1796
990
-696
-1478
-1026
2140
1413
1911
-2312
-1934
2257
-1370
1812
2860
1586
-1244
1163
-1530
1882
-1956
-1273
-1015
2215
-1522
-2192
-1153
2061
1931
2506
2269
-2494
-436
1033
1282
-2390
1535
1801
1293
934
2096
1300
-1862
1926
2704
-1909
536
2424
2074
1604
-1946
1271
2660
1597
-947
1880
-1808
543
2096
-1622
-1466
1345
2159
-707
2372
2117
1350
-1902
-2212
-1745
1162
-908
-1041
993
2286
-978
-1931
-679
1724
1598
755
-1222
-1779
-2367
-616
1747
693
1110
2386
2064
1053
-2595
1630
-809
-1379
1605
-1579
-1991
1562
1783
-1655
-1597
1571
-527
2599
1592
-2160
1316
834
-1697
-1510
-1481
-913
2410
-1681
-722
-2234
592
1323
1179
1056
-1865
1227
1429
1537
1670
1266
-1133
1068
-1714
629
-1171
1136
735
710
1385
-444
2184
-1205
-173
1318
-1463
-2685
1389
-1190
-2324
1782
-2012
628
1198
-1167
1163
-528
-363
1910
900
-1847
-1944
-2054
-1207
2528
2196
554
-2276
914
-1436
802
-1791
2052
1316
-1535
-1819
722
2166
2152
-1785
-2278
1502
-1801
-972
1045
-1738
-2167
-1346
-1867
1014
-331
-2220
1159
1591
-1962
1404
-1171
1728
1624
-1429
-2158
-2352
-2035
1085
2245
-2274
1604
1726
2284
-1722
2425
1730
-1750
1332
-946
-1577
1470
857
1597
-1977
1746
-1994
907
589
-1662
1141
2380
-1558
-1118
1607
-2048
-636
-2348
1406
-1442
-1382
1743
-1038
2457
1964
-2129
1417
-1593
2085
2448
-689
-1723
-2233
1080
-1729
-1881
805
-1538
2310
-1490
298
-1396
1406
-1037
1337
2000
2178
-2026
1872
972
1453
660
-1252
-1692
-1762
2859
-1290
-418
2603
1412
957
1925
1222
-2512
-833
1735
-631
-1083
1404
1025
-973
1762
-1158
-1171
-2000
1465
-870
2209
2121
-768
-1547
1111
609
-1110
1530
-2543
-1443
2062
-1856
-1233
-768
-2192
1333
2530
1795
-1139
934
-1919
1690
-1464
-2322
-1793
957
-1619
-782
1058
1784
1700
-1313
-1394
1117
-1009
1050
-1332
-888
2090
-1546
-1943
-1631
1056
-1023
813
-2303
-1496
1918
1052
935
-1970
1699
2455
-1488
-981
-2311
2037
2408
-835
2593
-1191
766
-917
637
1375
-1906
-1646
-1392
1535
1939
1093
-1161
-1401
2670
991
-1204
1269
956
-938
2063
445
1708
1620
1720
2002
422
-1571
2100
2828
898
822
2326
-984
-2395
-1389
1140
1362
-1340
-2173
1798
1339
932
-354
-1366
-1466
2110
2200
-1457
-2042
-917
-1661
-693
2473
2507
693
-1560
-1009
-1414
-1404
2115
1517
-785
1016
-1717
-2133
997
-416
1164
487
-2037
1418
-1844
-2534
-1041
-1157
-1136
2561
-1937
1546
1630
-1248
-1525
343
-782
-1678
758
-1698
-2295
-1739
-2092
-1359
-1213
-1494
1132
972
-1490
922
-1453
1239
1739
2594
-899
1283
741
1948
1899
1836
819
-521
898
1752
2184
937
942
1774
1884
1980
-1589
794
-1820
1284
1746
1688
1352
-923
1391
1794
-1900
-1273
1002
2321
-931
1570
1902
-1617
2614
-2064
2264
-2063
-1735
-772
-1653
-1905
-1907
-2044
-2560
-394
1695
1188
-2397
966
2702
894
1870
428
-2393
-745
1984
1260
-2174
1645
777
648
1288
-1321
-1053
1820
1559
947
-1599
-1033
-1248
-1125
1891
-1718
-1875
622
-1192
-531
2218
-754
1521
493
-599
-2095
-1593
-2060
963
-836
-1772
-1177
2250
1470
-1608
-1020
-1649
671
-208
1417
-1195
-1341
-731
1173
1582
707
-1596
1299
2433
1729
-1850
1870
1362
1303
991
2033
-863
-1607
-1164
1759
203
2267
2158
-1364
-1586
-1975
1740
-761
-1802
904
1655
1577
-1672
-1051
1441
1044
508
2463
-2398
1661
1544
1388
841
-1625
-1230
-437
1309
1023
390
218
1196
-764
-1491
-1090
-810
1625
2298
1548
1448
-2150
837
2331
-2191
1776
1273
-2208
-1377
-2568
-573
1465
1585
-2642
-2282
1511
1175
-1832
-913
1668
-1040
1933
2590
118
-1776
-1919
2346
-1164
1677
-2285
1193
-1363
-2523
-994
-1229
714
-876
-699
755
-1515
1630
730
1299
1214
-2683
1745
-1795
2269
520
1240
-671
-757
1209
1050
-1873
-1002
-1317
2175
2367
1046
1929
959
1398
-1692
-1797
-1645
1900
1315
681
1101
-1273
-1593
-1436
-934
2014
2292
1115
957
637
-873
-1104
-1789
-1120
-2174
901
1222
-2069
731
-2120
630
625
1759
932
1166
974
-1174
509
2182
964
-2001
1853
1871
601
1287
1411
1846
-1168
821
880
1800
-1553
1541
1563
1851
-1324
-2096
1545
-1532
1776
-1999
619
1937
1112
1598
2517
1475
-1142
1234
1521
-2651
2312
2371
594
1931
-2518
-2234
1505
1388
592
789
1766
1065
1529
1226
-884
-1426
1064
1580
-2662
876
314
-2308
-868
-2238
-1147
2447
-978
-1785
937
-1433
-1303
-1068
-1281
762
-1025
-2377
-513
-686
2847
-2268
-1186
-1392
-982
-851
1899
-1114
2607
2049
-1522
1311
-1769
599
-1645
-1615
-1112
-1514
-1758
2365
-718
1627
-2105
-970
-1520
1976
1705
1374
1028
1812
-1000
-1416
517
1188
850
727
-1528
1386
1819
-1193
-1561
1846
1834
1786
-2268
1275
-2112
-2054
2291
-2323
1567
-1326
949
-1222
-1023
-1509
-1197
1913
-1831
-2233
989
1406
1786
-471
1412
-1428
-1436
-2311
-1414
-1825
-910
1282
2076
631
1977
-1300
-2256
-1310
-2108
827
976
1085
-1621
1899
1373
-827
-2777
738
-1945
-2270
-2209
1897
1432
-2033
-1991
-2161
-602
-1790
-1546
1296
-2378
-2320
2137
-1077
1190
-1611
-1971
-454
-2011
-1238
-1359
1672
2107
1073
955
2618
2043
813
-1417
1478
-880
1977
-1646
2106
981
1123
-1655
-834
-1672
-2148
-988
-594
1523
-2265
2190
-1763
1459
-1218
-1763
1751
1857
-1706
1543
-2209
-1820
-910
-2198
1485
-1608
-2005
2124
-2239
-924
2016
-2274
618
1780
1673
-1161
-1435
-2131
2074
2247
-1348
-1797
2180
1873
-1258
-2419
-537
1518
-612
1411
-1066
-1655
-1248
1838
-1011
2430
1565
-1625
1372
1493
2621
-1569
-1426
-1318
-823
-1440
2520
1854
2258
2523
2057
-1521
645
-1442
-756
1600
-2269
2242
-1939
-1060
-535
1265
1782
-2202
1370
-919
1381
-1397
-796
2527
-1512
-559
-2121
1070
2072
1283
-1548
-2381
-1491
-1066
2065
1553
1553
2182
1484
1514
887
2267
-1508
743
1015
1537
-1837
2204
-1234
-2153
1500
-1545
2339
2249
-1085
-1114
-1490
1075
-1728
1489
1952
1932
-765
938
816
1048
1519
1342
1334
2509
1565
348
-1073
-2223
1876
-1489
-1925
486
742
2005
766
-1747
1647
-1799
1627
-2298
725
-1796
-1113
2599
-2436
1793
2258
-2141
1147
986
2220
2382
1675
2050
-901
-1652
-1240
-697
-1482
-605
-976
1205
-1700
1336
-1072
-2095
1201
1255
-1667
-928
1541
2076
-706
1744
1192
2246
1907
-1287
-832
1300
-1810
1513
545
1627
-1825
1246
1680
1251
1115
1506
2124
1246
-1904
-1790
-1711
-2235
-2001
-1549
-513
782
1369
766
1618
1061
-1370
1210
2017
-1788
-2665
603
631
1883
1539
2102
-1730
-2267
-1757
-1481
-2084
-2237
2226
-1565
858
-2116
1311
1438
1482
-1462
2078
768
999
-1699
1466
1751
-397
-1494
-1503
-1855
1166
1789
-998
1307
-702
1872
1401
1925
-1627
2306
1976
924
-1550
727
2224
1407
724
1434
1161
-1308
904
1269
-2087
1178
-811
-2101
2072
-1390
1444
2334
1783
2406
-1013
2095
-2352
1907
-1634
-1355
-1087
819
822
-367
1416
-2669
-2024
685
1095
-463
1584
-1544
-1378
-1826
-730
1010
1636
-1902
1462
-2274
-1412
-1811
2343
-1802
-571
1717
-1151
1925
-1455
276
1292
1608
-626
-2444
-1673
-1340
-1644
1937
1128
-716
-2030
1147
1963
2073
-2100
-1169
2188
1434
-679
-2029
-2419
-1565
-615
1659
-1954
-918
1038
1589
1022
-901
2416
2141
-1492
1083
1948
1179
-1489
2105
-1269
-546
1708
-2399
696
1608
-2751
1246
1449
-2306
-1676
544
-1007
1864
-1353
1304
-496
-2178
1638
2425
1032
408
-571
-2041
-1589
-1432
-1681
-803
1824
1437
-1009
1675
-1593
1827
2289
929
-1308
-2285
-2038
-2621
2143
-1878
-1639
-746
1895
-1480
1365
-1550
-2010
920
-1051
-891
-1831
1661
2214
-1919
846
-1865
-1266
-2425
-1234
2185
-1445
1600
576
1434
1407
1300
2507
-732
1688
-997
2515
-548
-1134
-1326
653
2190
-1404
-414
-2400
-2848
-1753
2401
-928
960
-2540
-2098
1315
-503
2526
-1787
-851
1879
-1443
-2003
-1245
-964
2443
-2004
759
1651
1625
-1240
-805
-515
-2573
1286
-810
-1561
1963
-1602
1972
-1905
-2383
1152
744
1406
-1134
-1249
651
-1695
-1139
-1461
2544
-768
-2509
-1343
-1031
-1674
1956
1972
-2345
-1051
-2210
-1577
1536
-1469
1069
-1179
-581
-1644
2040
1079
-1048
-1929
1869
-1856
-1359
1878
2343
-660
933
1203
1882
-968
1632
-1180
1495
-890
2631
1022
1387
-1709
-845
1105
1566
-506
-1353
1442
-751
-747
1028
921
-1566
1031
-2441
-2535
1367
-930
802
1186
951
-2340
1792
-2054
-1049
-1290
-1198
2099
1212
-388
-2316
-1650
-1718
-1540
516
1510
-941
2554
-2359
-2430
-1292
911
2029
1476
498
-2228
-2487
1523
1512
-2418
-1519
1347
1520
-1164
485
-1852
-1054
-2176
2222
2105
-2244
-2460
1884
-2083
464
-1424
-1724
1967
-1373
2017
1635
-1685
-1616
1367
1485
-1648
-851
2129
-1151
1535
-1691
270
-839
-1488
-1579
1492
-1719
2021
-644
-1065
-1975
920
-2315
2332
1635
-1048
2529
-1358
-740
1312
1897
1526
939
-2053
-1382
-817
1235
1375
2833
1822
-1847
981
-1633
1091
-2196
-1841
1341
-886
-2113
1052
1182
-1625
-1402
1044
1822
-1119
1374
2181
2346
1404
1038
1100
-749
2068
810
-1878
675
-1499
1441
-2325
1166
-1470
1571
-2113
-2400
-1620
-1335
-940
-2024
1878
-1695
-1816
1525
-1476
-1662
1712
1902
-1637
1790
-1041
399
1546
-1343
-858
-1394
1758
1636
721
608
1795
541
-2585
1836
2181
873
-1580
1681
1247
-2237
1440
-957
2066
1443
-2183
1400
-770
1664
1796
-1424
-485
-1634
988
1862
-1023
-1189
-945
-912
-2208
2476
943
2349
2404
1456
-2424
1501
1855
-1686
1711
-1920
1190
-1155
-525
-1176
1656
508
-1673
-658
-690
-1349
695
1094
-1047
-1423
-1045
1205
-475
1177
1793
927
-1626
-1712
-1207
1250
-1419
1465
-1688
-1290
1618
1216
-1553
-1360
-1227
1781
-1260
1589
-903
1799
1257
-2114
1971
-2740
-602
2552
977
249
-1540
2404
-1272
-838
1079
2346
-2230
-1609
2391
-1989
-1834
2206
289
-1787
2393
865
-1550
1527
-1913
2370
-941
1236
2415
1828
1367
-1872
1929
-1833
2614
1850
-1400
745
869
-1867
-293
2235
-1417
-1503
-1495
-664
-2451
1708
-1556
1474
1990
1432
1726
-1331
1819
2555
-913
-750
2368
-916
1365
1087
-1235
-1345
1461
1735
643
-1868
-2049
-1748
1536
-2095
-1682
530
-1152
-1461
1920
1489
2041
-1003
1662
644
-1480
-1556
-1916
693
1053
2016
2489
-1464
-2184
-887
-617
-1930
2158
-1694
1041
-1210
1918
2187
-1827
1112
-1990
476
-1934
-2435
-1900
-1354
1081
1225
1354
2389
2203
-2141
1857
-1787
-1638
-1380
711
1198
2420
2067
282
996
2318
-1771
-1227
1976
427
1560
-1297
-1693
1753
-1699
-1745
-1764
-2430
1743
2166
1436
-900
-1948
-1646
-1983
-1215
1467
-1341
-1144
-2321
1636
-1451
-2039
2508
971
-1317
-1396
-1754
1767
1744
-1143
-2300
-1005
795
-2472
-1533
-997
-1240
1180
1904
1368
1994
-2069
701
1491
842
859
-1282
1748
600
885
1916
1918
-1169
1244
-1310
-1670
-1408
1357
1339
1486
1333
-449
1681
-1594
1601
-1829
2340
645
1754
-807
-1364
1481
-1088
2066
1539
1442
2413
2276
-1114
-1583
1950
-1594
953
1625
-544
1197
1629
-2306
-2151
-1160
1375
-1445
-1987
1446
1935
-1282
-1916
-1015
1685
1459
-1303
2116
1848
1039
-1669
1640
1948
-2188
-571
2012
-1627
1267
1492
-2512
-2352
2019
1956
-1717
-1000
-2472
-354
1409
-1425
-1166
-1825
-1722
-2456
-2510
2520
1804
-1750
-2098
-621
-1866
-1554
-1123
-814
-1266
-1532
1717
1686
1447
-1830
-929
1703
1453
-1984
2252
-2238
1105
-2156
-689
1352
1062
-1536
1510
553
-2183
952
-1452
2009
-2079
846
457
2399
1572
-1913
-1460
2100
1715
2081
1277
1609
-1144
2624
1787
2543
-2014
-1219
-2167
-2037
-2109
687
-2100
2102
-741
-2461
2098
1884
2122
-1232
1040
-1887
1218
-1748
-1426
-2328
-1096
795
-1617
1688
2379
-1635
547
1302
-1363
1535
-1154
-1243
2288
1534
1999
918
1319
-627
2121
2135
1138
-2310
1427
1954
-1635
-831
1077
1098
-2359
1388
1554
-1124
-846
-1730
-1630
-1028
1403
-1995
696
1205
1082
-1013
-1852
2020
-862
1122
-2440
1840
2173
-1772
-2117
1427
1146
1414
-1220
1979
483
1550
1169
1748
1472
1212
1492
-929
2071
654
-1503
1261
-648
-2088
2283
226
2066
1185
2219
-837
620
-1555
-1063
-1871
1729
-2367
-1891
-1681
2333
1515
1504
-2521
1196
857
-1602
2604
1113
881
963
-2009
1642
-1412
1239
841
-1894
-2412
-1443
2467
1454
317
1816
1979
1879
-1617
-578
1812
1413
622
-1880
-927
1888
1283
-2323
1147
1561
2179
-1280
-780
-1278
-1411
1691
296
1210
765
-435
2309
1877
1601
-1544
2537
-1334
1837
1124
-1348
998
-1035
1961
-814
1157
2635
1808
1895
-1701
1621
-887
-1042
-1185
-2011
-1599
1400
-1468
-835
1826
786
1263
1955
1934
-1611
-1704
-1939
-1310
1183
-1024
733
1845
2284
-1573
-1383
961
-1926
1407
-1698
-732
1480
2538
1172
-1962
-1760
-2570
1033
-496
1657
970
-1870
1262
1760
2738
705
1036
1554
1210
-1793
2216
1136
-2019
1373
-1103
2201
1793
-2424
1397
2076
1745
1733
1885
2607
-1413
1258
-1512
2035
-1651
-1138
1979
673
916
1591
1447
-696
-2329
1640
-933
1089
-1860
1109
475
-1403
-906
984
-898
-1620
-797
1486
-969
857
-2734
2489
-1571
1144
577
1890
1832
2737
-1218
850
1273
1124
-1529
2008
-1980
2175
-875
-1117
-2054
-1685
1361
-2318
-521
2479
-919
-173
1831
-1419
-1155
-852
-2342
-701
1800
1628
-1682
2030
-2224
-1117
1753
1888
-1343
1223
727
1033
-1181
626
-1436
-2126
817
724
-1330
-1398
-785
-1975
1832
-2336
1433
1416
1951
-848
-1333
1789
-826
-1894
1158
1366
-2673
744
-1534
-1449
-889
-1270
-1649
-1155
1983
1898
902
-1094
-825
-2502
-523
1788
1863
-1557
1492
-2175
2019
-2197
1594
-1430
1620
1190
524
1370
745
-1874
2099
773
-1134
2368
-2164
-1671
2035
1665
894
-1483
-1308
1331
2008
-1434
-1063
1455
-977
-635
1036
2060
1215
1134
-611
2287
-1787
1120
1637
1440
-1114
-1465
322
-2024
2680
-1618
-1555
-1177
1692
-1927
1776
-994
978
-2103
886
-1232
-1882
-883
2044
1771
-1698
891
850
-1113
-1407
-1244
1884
1239
1580
1418
1303
-1654
1052
-718
1774
897
928
1392
973
1002
-1344
1013
-1224
317
2585
2284
1614
-1686
1295
1904
2003
1172
2041
856
-525
1192
1524
-674
1369
1167
706
735
1298
1371
1512
437
2691
1429
-1015
-1559
1634
1389
-1183
-1066
-1445
2277
1234
1338
812
690
1982
-1546
1641
1701
-1718
-2024
1517
-1644
-1261
1397
-1461
-1531
682
1226
-1323
-1937
1205
-1362
-342
-1102
2158
1552
1816
1397
-1926
1890
-2118
2320
1378
-1556
1377
728
751
-1780
2232
-636
1547
2076
-2073
1939
775
-632
-1209
-1445
-1782
1681
1668
1505
-1671
-457
1514
1434
-2013
-1213
2165
-1500
-657
1575
-923
1484
1366
2019
-1616
-1740
-2099
447
-961
-1670
1611
1295
1544
1673
-2289
1822
913
1256
-2351
-1852
1148
913
-1985
-1060
-1130
887
2189
-1513
2198
1110
1128
-1599
-981
-1011
1011
-1534
-1161
1512
-1600
-1211
-1460
-1006
-1978
-1254
-1460
-1706
-1527
1412
1132
-1508
2389
-1490
1401
1479
-1766
-1073
-621
-2491
2141
1771
-1352
2249
-1918
2492
-1769
1767
-1561
1882
1568
570
-896
969
-2637
1707
2067
-1444
1001
2188
2146
1257
-981
152
991
-833
-1100
1787
-1628
-2368
1673
1773
-1313
1546
1358
-1557
1506
819
-939
1518
-1634
-2041
-1978
1594
2540
2326
-1565
-1703
1669
-1575
1201
-754
-2552
1383
-2430
-2410
789
1004
-1202
1556
2389
-1731
2208
-1515
-983
1069
742
-896
-2200
-1281
-1881
1590
1492
-1138
-1951
-1972
2093
1171
-1555
-1477
-2076
-869
-1507
-1858
-1898
1215
1219
-2572
1311
1758
1824
1538
-1771
1517
-2523
-941
1246
542
1266
1481
-408
-2778
-1013
-255
1285
611
-1271
-1860
-1461
1813
1582
-630
971
-1050
-1922
1196
-1561
1550
-1149
-1946
2098
-1481
1445
-2221
-1593
-896
888
-2163
1929
1371
-2413
-489
1389
1978
-1505
-1959
1196
694
-1507
1919
2027
1974
2155
-2371
1704
-1159
-671
1496
1296
-1585
1801
920
-2058
-933
1639
-1740
-1788
1754
1724
-1526
-1599
-1905
-1255
-1310
-1289
-979
784
1080
1345
-282
-1413
-2199
1674
-857
-1046
1022
-1008
915
2135
-758
1600
1728
2007
681
-884
1823
1302
-1147
1492
-2478
797
-1644
1840
-1550
-2582
1189
1049
1225
-2181
2252
-1678
-447
-2767
2303
-2137
-2620
1782
2468
-1228
385
-1152
1132
1503
-1366
1859
2531
-2050
-2465
-1010
-1832
1190
-1663
571
-1452
-669
-1535
1479
-1346
1815
-2200
696
835
-1401
1360
-858
-1102
-1727
2339
2207
-847
-797
-1462
-2191
-1390
-1808
1006
623
-896
-2023
832
1480
-670
-1176
871
-1127
1225
609
-1091
348
-1282
907
-1073
1760
-1591
-2489
-2114
744
1639
2344
1230
539
-2165
-1164
2077
-981
-1924
2297
1087
2289
1087
1347
-2517
-1822
1848
-1222
-1983
-1165
-304
1224
-1593
-1297
-1104
-1539
1306
-1889
1204
2080
1972
1901
1770
1396
2383
-1747
-1588
-1427
1211
-1303
-2176
-1812
1314
508
-2834
1271
830
1658
-1215
-1016
-2140
1096
-1485
-2268
-806
1085
926
-1465
1623
1787
-1542
-1596
-1612
1491
1685
1558
-1868
-1350
419
1216
2149
-1885
525
-872
2114
1245
-795
-2388
-1195
-1217
-583
-1283
2086
-1076
-1720
-486
1474
1626
937
-1048
-803
1288
2185
-2058
-2029
-1215
1477
976
-2492
-1172
-626
1866
-1621
-1849
-1951
1646
1388
-728
-1671
2370
-1844
1819
735
2101
-2729
1067
2007
1630
1606
-1907
2267
1452
1807
2590
1805
1985
-1674
2339
1279
-2687
655
-1593
2028
-1817
-1826
1117
-2163
1767
-1368
-1166
1608
-1981
1500
-1651
-761
-1100
-1141
1277
2003
1034
-435
-2237
1595
1572
2509
1044
1565
-1928
-1690
1563
-1079
-1892
-1137
-1341
-1294
1738
1830
-497
-1331
1594
-1431
-1865
-1918
1022
-2014
-1145
-2494
-1833
1810
2210
-846
-664
1705
1483
692
-2193
-1855
2258
2299
1077
-2343
1523
-1290
1687
981
-842
-1612
1731
2508
634
1575
683
-1402
-1686
-2203
-2388
-1779
-792
2844
-2417
-1528
1714
-1889
694
943
418
2298
-1535
-593
-1114
-1514
-1715
-1212
-1567
1880
-1304
1419
-903
1048
-1049
-1464
-1628
-432
-2607
-1689
-1164
-1285
2180
798
-1924
-1036
-1126
-1583
1944
696
-2580
-2053
-2063
-1166
1343
2016
-1882
-1877
1382
-1728
-1614
1828
1250
-1070
-1495
-2203
-1313
-2843
2494
-838
1870
2250
-1079
1229
1118
1945
-1128
482
-1009
1554
1604
1051
1895
1912
1237
-2213
1377
-1789
1981
-1293
881
-2496
-1204
1553
-900
-1998
-1774
765
1387
1840
-1610
-1976
-1784
-1553
2243
579
-951
1483
2111
1848
832
-1683
1189
1472
-2279
-1554
1655
1486
-1958
1036
-2063
-1498
2196
-2289
-1353
-1444
1225
1735
2577
1824
1598
-1077
835
1379
1841
-2082
2187
1334
-1954
-1940
-1986
-744
-2773
782
-1746
1587
-1160
1566
1104
2088
-1670
-1992
1828
1489
735
-1404
1092
-1267
-685
684
-1330
-923
-2412
943
1928
-2694
1239
-814
1405
649
1602
469
-502
-2605
2183
-1217
1131
2034
-1319
-966
1769
1427
-1241
1516
1395
-1204
2578
792
1360
-2169
1004
1454
649
791
1113
-1836
996
1300
-1593
1519
-847
-1174
1067
1293
-2561
-1352
960
-2059
-1146
1261
-2161
1558
-1065
1364
2482
555
-1555
1772
1702
1888
2221
-1312
1049
644
1114
1299
-1350
-1584
-1088
-979
2364
1849
-1359
1594
-1387
1633
644
-2141
-1882
1726
-1783
1130
-2566
2033
-2605
787
2103
-1728
810
1784
2299
356
-1058
1489
2347
-893
996
1252
-1471
-1486
-1505
2021
1667
-2847
1172
413
1319
-397
-1662
-2315
-1239
1105
512
-1017
-1200
1345
-747
352
-1323
-1203
1556
-969
-1214
-1015
-1645
-1685
727
1667
2375
921
776
1026
-1702
1261
-1328
2168
-750
661
-802
-1756
1522
-1462
-2216
-1450
-782
-1770
834
-1041
-1535
1350
-1868
830
2138
534
-1575
1738
2189
2210
1324
635
-1263
1586
1589
-918
2310
1357
1596
-1765
1607
2401
-1803
-1594
1385
-1955
2006
-820
1957
-1377
-1512
526
288
-331
-1131
2208
1764
951
1826
1715
-1571
2429
-1610
1345
-961
-729
-1780
1041
1802
-1334
-961
-2184
-2337
-1207
-1597
509
-1163
2420
-1454
-1204
1606
-2238
-809
1565
636
-1720
-2234
1989
-1977
-2553
2143
-1978
1499
1205
-2229
-1460
-742
1850
1351
-2214
1478
1513
2105
-1987
-1160
698
1727
2054
1607
-866
-750
-931
-1918
-1713
-2168
953
-1739
1795
-2167
-540
1976
1019
-1922
1686
1635
-1139
-2146
905
1817
1823
-1725
-2005
-707
1752
-1982
564
-2035
-645
-1807
1140
1330
2167
993
794
-2319
1979
1495
-954
1688
1721
1965
-1987
1764
2213
-1978
1309
-1112
-1669
947
1980
306
-1095
-1288
-839
-1028
-2703
-1042
-741
1192
-1335
2109
-851
-1315
-1796
-1824
-1594
-1560
1138
-1823
2443
2373
1632
-1765
1519
-1304
-1881
-871
1485
2430
1553
-2682
-1138
1555
-2496
2341
2345
1597
2547
2423
-1219
1283
2154
-1580
1781
1919
1720
-1105
-930
1616
-1293
1660
-1827
1313
454
929
1068
-2021
-1708
-1339
-1761
1557
1142
1963
-1582
-1651
-2397
-1076
-1287
-1778
1946
1295
-1455
854
571
2169
2288
-1127
-1390
-612
-1463
1185
-1527
1877
1275
-1260
-1355
-2053
1263
1003
578
-1688
-1443
-2058
1001
-605
-1050
813
-1438
1418
-1820
1769
1057
-1208
914
2000
-1185
997
1079
661
-1446
-2001
1209
806
1233
1737
-773
-1015
548
-1319
-1638
-2045
781
-1911
-264
1685
524
1325
-1256
921
1917
-2271
748
1315
477
-1004
901
1075
1615
1122
-1523
1210
1131
2529
-2042
-2208
1190
-2085
1266
1402
674
-732
2094
-1433
1307
1326
-2030
-1941
1069
-1084
-1466
1281
-1394
2217
-862
-1631
-987
953
-1937
2163
-1561
-1637
2659
914
1193
-1288
1646
2427
1386
-1742
1905
-2451
1513
2030
-1416
-2649
-1544
-1905
1849
-1497
750
-757
2045
-1958
-2295
1927
1853
-457
-1601
-2022
1376
-1090
-1169
-1388
1681
-508
-1190
1233
805
1601
2495
1874
711
745
-1223
-787
-1117
-1616
-1647
1738
-1185
-2078
2360
471
-268
-977
1503
1544
-777
1281
1624
1889
1442
-1037
-1710
-1325
-1977
1542
-2762
-1525
-655
2156
-586
-1126
-2049
2036
2348
-1316
1880
1385
1087
1750
-715
-2403
323
-1252
-937
1240
-1761
1152
-2409
1510
1477
2000
-1613
-619
-546
476
758
-1819
-2313
-1281
1657
-975
-1644
-1589
-1701
872
-1146
-1235
1555
1715
-1281
1495
1562
881
-1529
-1916
-1098
1768
-939
1973
1024
1748
-1656
-2568
-1504
-2155
931
1281
-1321
1105
-1219
1583
-1373
2590
-1644
2051
-1791
1061
2101
2438
-1821
-1420
-2119
2547
1484
-2261
1403
-1446
-1172
1581
2431
-983
-1840
-1771
-1347
1803
2577
-1699
2339
2223
-1836
2110
523
-2368
1838
-1954
-1032
1129
-670
-1867
-1667
-1253
1644
1516
1947
-1476
1682
943
-571
-2373
-2014
-1423
-1714
-606
2133
-1210
-1565
1534
-577
882
1484
-903
-1513
2137
-1668
-1880
-1866
772
1540
-826
-1762
1697
-1784
-633
1734
-2093
-372
-1906
1657
-1239
-1882
-2281
-932
-1853
2465
1199
1081
2921
453
866
-1587
-2112
-965
2765
2444
-1821
1781
-2465
1273
1016
1726
1023
-2367
1318
-1699
-1185
1764
220
1614
-1787
-1282
2117
1111
2220
-1454
-1677
2309
-2053
-889
-686
-1237
-1376
1293
-1304
-1284
2102
-1297
1421
-1891
-1089
1157
1582
-1263
1554
1363
849
-959
825
1035
1170
1501
1294
-2141
-2485
1795
1688
886
2230
1643
447
-2417
2388
1426
1976
-969
-1683
2133
2017
-2464
1274
-1504
-1667
-1494
-779
1435
-2072
1440
1686
-1672
1686
1248
1495
747
-1767
-1185
1917
-1065
2263
1441
1804
1532
-686
-2122
1562
1211
-1964
2238
1525
1461
2283
1167
-2133
1306
-2016
1433
1630
461
1201
1737
-2172
1072
-1589
-1056
1944
1984
-1018
1475
-1405
-1725
771
-851
1406
-2427
-2176
-544
1924
-878
-1653
2102
-1494
887
1041
2316
-1494
-2229
1665
605
467
1371
-1740
1553
1632
-2135
1357
-2407
-2378
672
-1040
-1683
-928
-1325
-1927
430
-1996
-1039
1243
1894
-1699
1679
1845
1988
2409
-1370
2168
-1374
-1963
942
-1301
1139
-1348
-1573
-1248
-1764
2019
-1836
1231
-1119
834
1925
-2223
-1930
962
-2041
2615
1730
2295
762
1638
-1370
-1748
-771
2094
-1727
-1105
1074
-2525
1928
-1214
-757
1029
-1139
-1587
-769
848
-796
1386
1493
2688
-1667
-1391
1337
-1941
-1267
1929
-2009
-2174
-1448
-1401
1487
1186
-745
2165
1833
1717
1326
-799
-828
1364
-1767
-1459
-1287
-1462
1293
-1735
-1515
-2538
1849
-1167
2170
-1367
-577
2151
1906
1743
-1329
-2151
-1686
-1427
-883
1948
-1057
880
-2257
2153
-1314
1946
1794
1984
1213
-1175
-1939
-1354
-1052
1430
-1381
-2485
1188
-2047
1486
-2024
-986
451
-2273
-1377
1461
-1711
-1717
2449
-2057
1356
-748
737
-1972
-2068
1113
1527
-1297
2037
1045
-1486
1734
2678
740
-1803
-2012
1515
561
1711
655
-832
878
-1558
1558
-373
1307
2605
1346
1881
-2282
-1194
1456
912
-2002
-692
1810
1792
-744
-686
-2143
1547
-2258
1501
-1417
816
1011
-1876
1762
-899
-1942
-658
-913
-2302
1603
1789
1784
1263
1438
2255
855
1961
-1157
1004
1022
-1247
2167
1596
-1846
2134
1241
1237
1337
1363
-2333
-1232
996
1471
1666
-842
-1907
-2112
-1570
1308
-1003
1169
1980
1177
-1396
-867
-932
1824
-2597
-2064
-1677
1168
-1791
-1340
-2352
-1850
525
775
1221
-2026
-1431
-2327
-778
-1954
1799
1008
-938
1305
-1518
2136
1605
1763
-1897
-326
1274
-1207
-1665
1822
1344
2480
-1608
-2767
1745
1516
1063
1706
-1023
-1802
-1324
-1564
2661
-1011
1389
-1916
1629
1260
-2038
-1526
378
-1599
-1350
1412
1391
-1689
1438
1231
-1262
-1195
-620
-1331
-173
1314
1333
1515
-2007
1087
926
2182
1505
-1140
1171
-1143
2037
-2679
-1502
-1797
1520
-401
852
974
1986
-967
1607
1420
1479
1628
1374
1673
758
-1448
-2019
974
-1738
-2016
-1641
-1098
-812
532
1296
1192
-637
-2207
1758
1293
1629
1412
2449
-2144
-2429
2253
2524
-2413
1330
-1874
1821
1520
937
952
1519
1933
-772
1478
-1206
1526
578
799
1530
-928
-1427
-996
-1007
1222
592
-803
1713
1572
1750
1952
-1544
-1023
636
1048
-1671
775
-865
1093
1697
1914
-1662
1402
1800
-1676
-1534
2744
-525
-1857
948
-987
-1034
-1988
-1464
1388
-1593
-1566
-1964
2059
-1756
-1222
-1780
-1968
1629
1030
-1504
826
-1698
-1269
-1392
-1302
1895
-1497
-1370
2092
-673
2564
343
-606
-2550
-2031
1420
999
1269
651
1368
981
-966
444
-2522
-1416
-1759
1295
-1267
-1706
-1566
1202
-2533
1628
-1114
-2669
1321
-2396
-1488
-2196
-2517
1285
1643
1700
1947
2177
-1919
1747
1232
1167
1704
-795
-1593
-1468
-1679
-2188
-2393
2046
1754
1884
-2021
-1380
-2378
2256
-1681
1834
1382
-795
-1252
-1580
-1162
-2008
1204
1615
-1727
2296
1740
-1333
-423
-1293
-1969
-1236
-1374
1761
-307
2559
-196
-1826
1242
-2469
1623
1389
1682
2204
-1276
-1154
2412
752
-1311
1145
1154
2096
786
2417
-2066
1412
-928
1587
2166
1722
328
486
-820
2565
628
-974
478
-1329
-1197
-1301
-2042
-1296
-1569
775
2504
1455
-1345
1074
1445
973
-1470
832
-1788
-1794
770
-1866
-1546
1523
-750
1838
1821
-827
1968
-841
-1160
2189
1682
1286
1344
1663
-1689
-1279
1691
-1888
1178
-1705
817
-554
1742
1836
-1224
1375
-2187
-745
1908
968
-2649
-1061
1404
480
1574
-1409
-1754
-1176
1561
1603
2252
2717
-906
-1572
-2365
1073
1225
-2177
1583
1768
-2316
-1404
1836
-2095
2135
-1189
1729
-2083
1100
-1823
1181
-816
1811
1213
-1605
-1604
1656
1676
1401
1092
-989
2017
1503
-1573
-980
-1746
1748
1921
-2718
2258
1633
1512
1279
1318
-1618
-944
1348
833
-2103
1070
-1366
-2134
-1252
1172
1860
1182
-1865
842
-1034
-1482
-1042
-1112
486
-975
-2254
1320
-1110
887
-479
-373
2126
925
1512
-1222
-1581
2247
-1959
-1290
1201
-1299
-1002
1138
-1914
-1774
1910
-1146
-2132
-455
2325
-2234
1091
-1772
-1299
1173
-1753
1817
-694
1777
-2349
1404
-1920
1166
2207
-1909
1175
-2016
-2288
952
-1813
-1837
-971
768
2665
1242
-1678
2164
1492
-1719
755
2525
-1203
2289
-1825
-2310
1262
-1666
2535
401
-1226
1777
-2384
-2499
1106
-1775
-2080
-2055
-1857
-2379
-1306
-2017
1633
608
1911
1555
908
-2257
-1221
1524
-814
748
-2205
2026
-694
-1459
-1882
-1922
2016
-1745
1026
1846
-1425
1951
-1843
1434
835
1498
1351
1233
-1934
-1872
-1126
-1430
1067
-1085
-1649
496
-2070
-836
-1558
1942
2483
1498
1709
1816
2310
379
-708
1235
-1487
-1863
1781
1362
1628
959
-2598
1049
-813
924
926
-828
-548
-2567
-1009
2522
-1763
-1491
1173
1372
-2303
-1671
1320
-646
-2207
1927
1409
2015
1231
-1502
-2067
-2033
1666
2657
-802
-1201
-1105
1493
-1798
1218
656
2514
-2158
1386
2077
-2561
573
-788
1732
-1557
-477
1215
590
-1138
1967
1340
1004
-2212
-197
613
1138
-1190
-1711
1747
1494
-1892
1476
972
2083
-1621
-1493
1314
1026
1211
-1452
-1832
812
1587
-1053
-2246
1937
-1209
-1132
-1423
-1861
-2053
966
-1666
2080
669
1917
-995
693
2533
-1792
-624
-1090
1749
-1490
1608
-1133
-1685
-2037
-934
2144
-2458
1950
1529
1706
-1212
1965
1071
2088
-1206
-2005
984
-2143
-1062
-1007
992
1352
-1810
-1935
2183
-1821
-1556
1455
-2472
849
1369
1745
709
764
1495
-2060
1641
533
-722
-286
984
-1706
1762
-1259
-2280
-2261
1862
1606
-977
1962
2309
-2342
-1903
1026
-1312
-2008
2268
-333
-1670
1263
1989
-1795
-584
1768
-856
1350
-1166
-1152
516
-687
1494
1708
1626
-2115
-510
897
-1488
-1676
2233
-832
-2009
2342
-2006
-1389
1591
1291
-1946
-1088
-2545
-1901
-1189
-1922
-979
-578
-2071
-560
-1651
1849
-1339
1925
-1440
-1630
1192
2229
-1243
2432
1398
-1547
993
-2122
721
1571
-2270
-1633
1299
-1139
-1556
1100
-1882
1737
2318
-1373
1260
2407
-1476
-2027
1832
-1768
-1021
-1846
1821
-1843
1487
-1142
-1015
-1711
-1210
2565
2020
-1965
2733
762
-1557
-699
-1285
-2049
-1640
1846
711
-1562
-1700
-2092
-598
-1291
-1204
889
1342
1802
-1796
381
1656
-719
-1589
-1140
1783
1477
-1183
2088
2279
732
-1638
-1156
1235
1600
-359
1919
-1251
-1936
1864
1994
-1883
-1018
1850
-1985
1460
-1109
1621
837
1407
1177
-1725
-2069
2099
913
1020
1223
559
1481
1971
2686
419
-725
1309
-2355
1458
-793
2594
1080
1442
1493
2403
1713
-2425
-701
-1898
2172
-1171
-2043
-1891
-1526
1088
-1511
2288
2068
-642
-1477
1770
598
2187
-2189
-2456
-1581
-2214
-2618
1005
1741
-1730
1902
-1017
-1134
-1727
1408
2062
2585
-2730
2077
-1397
-1870
-503
-2126
-2262
898
1906
1450
-781
1346
454
-2137
-912
-1680
-384
555
-1249
-936
-2689
-1094
1172
1317
-888
2383
-520
2096
1566
-1792
-838
-1997
1151
-1936
-1674
2085
-2428
-1115
2512
1682
1071
-1643
319
1179
477
1929
1771
1048
1362
-1648
2170
-1346
-1232
581
-1409
1248
1483
1703
477
-1176
1620
1196
956
2356
1626
-1698
-1377
734
1942
-1751
1245
-1573
1718
2322
1255
-1296
-1442
-577
-1385
1584
931
-1211
-422
-792
-468
-1433
2038
1717
1996
1769
1276
-1693
1394
-1925
-1141
-1257
-791
-1570
1129
-2010
-1434
1243
-1816
1254
-1640
2196
-2103
1302
-1431
1500
320
-1510
-2016
2273
2106
683
-2609
1797
-640
2314
689
-1227
-2699
-2563
911
1907
996
2393
1758
1944
-1896
1980
-1055
-1981
-1298
892
2101
-438
-740
1203
1338
1079
1583
-873
-755
1281
479
-2319
-1869
1511
2187
1567
-2179
-627
1905
2098
563
1491
918
-659
1291
1416
-2336
-1058
1422
-2064
-2249
-2461
937
-695
1572
1838
-1622
-1263
1073
-1523
-1717
1708
1168
-1752
-1642
823
1199
1699
1751
2501
295
-860
2303
1435
2333
2111
818
996
-1194
1050
-707
780
-1446
-1248
2506
1419
-1290
1490
1569
-1981
-903
1196
-1808
-2154
-425
-1406
-1626
1175
-2050
1045
-1463
1385
2506
1399
-2225
1856
-1631
1538
-1224
2428
-1401
-1336
379
-1342
2115
2061
1265
1962
1038
-1836
-2299
1907
-1453
925
1656
-1602
828
2622
894
-1795
-1283
1517
-1599
1751
-1043
-1240
-995
-523
-1604
1277
-1843
1110
-2706
-2142
2207
2171
-743
2415
992
-1655
1153
1646
1223
1551
1718
2216
1530
-1330
1589
1480
-1944
2042
1085
1855
952
-2609
2209
1489
1299
1984
1637
2131
-1981
-1610
977
952
1219
-2536
-863
1673
-1543
-1807
-1955
2245
1349
-2215
2157
1641
1266
1763
1316
-1192
1690
-1503
-2003
1230
1162
-1400
-843
1554
1670
1967
-1398
944
-1985
-1872
-1341
-899
1289
-293
1494
-1406
-1517
-733
-819
1504
1085
1181
714
-1446
-1315
1096
-1687
-740
-1136
-973
-970
-1312
2159
1440
-1777
-2231
1269
-1815
-1196
-2117
1373
-1748
908
-633
1836
-2201
1450
-1801
-1139
-1085
-1203
-879
1405
577
-1291
-1909
1777
-678
-1071
1206
-2461
-968
-394
638
1947
899
955
2302
-1860
-981
1639
1430
-1738
2017
-860
1116
-1070
-1305
2519
-1057
1746
-2289
-1035
1583
1176
-840
2768
725
972
1920
855
1587
935
1022
-728
1406
-478
2153
2073
1811
1992
-986
-2247
1359
1541
-2073
1460
1032
-2147
1200
2517
1005
-1627
-1507
-2098
2043
-1312
1486
1533
1106
1354
-1174
2339
506
1234
-1292
-1627
-478
1172
1778
1109
-1196
373
-1332
-2341
781
-2189
1038
1641
1727
1607
-2308
1727
-2065
-1554
1929
1767
-1978
-1454
1284
-1275
1583
-908
-1160
-927
-949
1679
2300
595
-1060
-2363
-684
950
-758
-244
-2038
1191
1491
-1893
2241
-1807
-1661
276
-1180
1603
1577
1236
-2422
1414
1086
-1753
1091
1986
1551
923
-1675
1223
2132
-1971
-783
-2134
-1173
1570
1985
-1556
2480
2708
2638
-1724
1672
-2593
2021
1464
-1573
-1380
673
1733
926
1036
980
799
1983
-1351
1701
-1949
-1710
909
-888
386
1078
-2569
1624
1598
517
890
1843
1793
-1573
-2123
-2308
1923
2084
-1271
-1328
-1180
1878
1694
-1609
-1080
1831
1492
2137
-1430
2443
-1054
-2169
-582
-2207
1242
1400
2108
-538
1516
814
1208
-1590
-1270
1498
739
-1074
-1739
1312
-717
1177
1686
-1796
1710
1751
2252
-1514
-1013
2138
404
875
-1517
-831
2211
-1239
2226
-2127
-1068
1414
918
1464
1990
-1052
-1263
-1095
-1851
-1616
1061
1108
1754
-1381
-1691
1424
2071
-1069
-2259
566
262
1637
-1893
801
1675
509
1197
-1215
-786
2397
-1869
1986
-738
-2313
840
-1649
-1156
1854
-2523
-1826
-794
-809
-1734
2152
-2300
-1976
1950
2356
1717
-782
-1372
-2151
-774
1331
2451
927
2482
-1896
-1059
1261
-1681
1758
2371
740
1308
794
-1047
-1482
-2013
-2159
-600
-999
2104
928
2351
1423
-1353
-880
1648
2101
820
-727
-1699
977
-1366
-1255
1117
1283
2675
1963
1546
-1095
1639
1969
1781
-399
2354
2462
2132
2468
1110
1953
-1884
1077
2251
1355
1737
-1691
-1624
-2252
819
2573
-2052
-1915
-628
1804
1822
1816
-1608
1763
1942
-1515
1111
-1679
917
-1547
956
-1384
1557
-892
917
-1460
-488
-1227
-1010
1367
-890
-1465
-1685
1011
-1139
-249
-1092
1411
-1630
1366
-1026
1677
1299
1881
1396
-1889
1361
1393
-2237
-1806
-1542
1494
730
1508
-514
1574
-1622
917
-1584
2393
-1566
-1008
2329
-1801
-1399
1878
-1029
-1372
1135
2427
-1529
1696
-1946
1395
-459
-818
1666
-985
-1443
-979
-1056
-771
-984
1718
-920
931
1640
-1169
1068
1194
-1145
2123
-1564
-606
-1322
1414
-921
-1553
1008
1031
964
1235
-1973
-941
1131
-1069
-1050
-993
-1652
1620
2165
1948
-1507
1254
-2148
-647
1188
939
-1419
-2193
-718
2526
2490
519
-1888
-2118
-1578
-1304
-1661
2336
-1762
868
1782
1389
946
1666
-897
-1368
998
1351
-950
583
1962
-1434
-1801
2543
-2231
2112
1753
1386
451
1626
-1575
-1763
-1978
-1504
1983
1017
2057
-1147
-1713
921
2026
921
-1982
-1718
-2461
-1638
-1850
1702
1904
-2142
-2671
-1267
-1496
842
-2317
-1302
-1330
1065
1469
709
-1928
1834
-1612
2170
844
1496
-843
1642
-2067
-2100
1095
-1851
-1897
-1486
1643
-1599
-455
1137
-2347
1304
-1295
-1303
-1361
-1468
1277
444
-1165
1482
1038
-1364
1322
-1740
1462
-1258
-1636
-1575
-379
1935
-1330
-2191
-2673
-1828
2103
1725
-1114
728
-1192
1720
442
-1566
-1889
-1362
-376
-1488
-1499
-2405
1387
1031
953
696
1925
-1678
-2152
-1392
-2646
-1004
1391
2091
-1311
-1749
2000
333
1636
-1947
1401
1673
1408
1615
-1061
-2219
-704
-1716
-2235
-427
1715
1887
-1555
-1053
-562
1601
-1561
2026
-545
-733
-530
-1673
-1860
-1001
1319
-947
1325
-1252
1744
371
2046
-1531
1141
1263
-978
411
1697
1315
-1242
-2637
1723
1769
-2400
-1295
-2032
-1216
1675
1764
-2296
2387
1396
520
2066
-2200
-2313
2251
1497
-1187
-1264
-2226
1831
-1193
786
-1507
-1016
-505
1975
1987
-1945
755
-1734
870
-1974
1087
1294
-996
1549
-480
-1543
-2168
-1178
-1440
1108
-1741
-1591
1514
-1976
1330
-1091
-1959
1209
-1434
1277
-1681
-1570
2490
2613
2027
-2011
-1616
-2442
1855
-2084
-2018
1648
536
2127
-255
-1592
-1609
-1107
-1698
-2180
1190
-1952
-1359
542
-2480
674
-2263
-913
2455
-1554
-1435
1044
-1458
1832
-982
2461
2118
-921
1917
518
1126
2082
-1476
1469
2059
-1638
1119
1485
767
1502
1069
-2483
-1211
1663
2208
1766
-965
-844
1077
1313
-1489
2505
1495
1712
-1553
1165
-2574
1130
1399
2217
-836
1182
-1686
1419
2340
1799
1817
766
-1076
1152
2575
842
1167
1877
-1021
861
-931
1222
1382
2252
-1056
1701
-982
2491
1715
1967
-1765
-2551
1087
1503
-2001
1231
1536
823
1653
2099
1303
-1269
2350
2337
-1158
-1122
-1346
-457
1514
1972
-2102
-889
-2134
1618
-636
-1547
-1868
2382
1157
-2029
2044
-2395
1480
922
2072
-540
-871
2692
2428
-1304
1882
269
-1427
2373
-2061
1652
-760
-1217
1455
-1860
-1282
1826
1672
930
-1950
-1574
-951
2321
814
-612
865
-1778
-1521
1863
2253
1302
1478
1816
-1732
-1086
-1559
1455
1539
-773
1195
1958
-2084
1525
-1226
-1990
1736
-1474
1158
-1731
-1226
808
1485
-1188
1134
-1423
-1599
563
1175
-1948
-1460
-1437
-1275
-1715
-1842
764
-1146
-788
874
1846
-2515
1339
1419
1435
1803
1653
-1851
2050
1201
1123
1285
-1226
2288
2523
-1418
-1031
-1313
-1929
1600
-1005
550
-2000
-1586
-750
1761
-1756
1724
2079
1755
-1208
-1452
2874
-1561
-1758
2062
1153
1793
2037
1131
860
-2803
2025
-2378
-975
-970
-1363
1821
1339
-1500
-1589
-1107
627
-1890
1458
1333
-1758
-512
-1583
-1832
-2185
2179
-2430
-1090
-2290
-1424
-1382
-1780
-2444
-620
-1619
1529
1187
-1922
2304
1774
-1984
1753
-1077
1915
-1273
-1718
-1717
-1173
-1561
1791
-2093
1709
1461
630
-703
2662
-1432
1542
1497
587
1106
381
-1209
-2195
573
-1202
-1550
-785
1500
-600
1008
-1353
-796
-768
-1303
-1064
-1835
-979
2229
-2072
1425
2060
-1294
1639
-1105
-1686
2580
1102
1901
-1554
-1387
-2159
488
525
-1100
-1256
1530
1678
-1783
-1181
-1125
-1942
-1263
-1160
-1219
-2359
1820
1691
-1553
-1106
1105
-997
1718
1834
2100
1346
-1166
2309
1303
-2369
-1828
1244
744
-1338
1329
2518
2249
1137
-1847
1341
-991
-1768
605
1651
971
-1030
-770
-949
2750
-916
-2360
-1449
1432
819
-574
-1136
185
1649
-1456
1457
-1157
-994
2330
848
-1993
-1116
1413
399
-1412
2393
1652
-1022
1057
-1983
-2376
-1155
2330
2191
-2409
-1256
-1285
1675
-668
1535
885
-1171
1451
1323
-1014
1642
-2165
1264
1957
1150
-1770
-2413
1537
-1773
-574
-2113
-1612
-525
1920
907
-1432
2279
1869
-1492
-1998
759
-1391
2113
1925
-1817
-2451
-1932
2166
-2324
-1730
2142
1229
1004
-979
-2107
1726
-2177
-1835
-555
-492
-1995
734
2274
-1241
-1153
-1398
2293
-1176
2009
-819
-1956
-2409
-855
1539
-1998
1421
1307
-1740
2733
808
1395
-526
-2264
-1063
1239
2008
-385
1180
1976
-2257
887
-1907
-1389
-1343
-1496
1278
-1153
1253
893
-1891
-1147
2198
-1830
-1494
1063
1536
2008
1564
-2499
837
-1395
1613
-2165
675
-1839
-1547
788
978
1487
-852
-1451
1152
-1992
-1888
1343
2483
-501
-1525
1743
1700
2373
895
-1104
-1743
-1353
-1939
-1454
-1572
864
-1504
1417
-2591
620
1923
-1605
726
1892
-2282
-2470
1462
-1486
1100
-1820
-1377
-2182
-2100
-343
-1844
1256
-1418
1154
-1182
749
-870
-1986
1116
1460
-628
1669
1895
1329
1216
1136
1033
-1788
-780
-1736
2461
1651
1094
706
-2442
1295
-2317
-2122
1396
2378
-1032
-1325
1818
-932
1759
1692
2569
1626
1597
-1495
1797
-1919
1156
1177
1154
-293
-1210
1518
1861
2386
-1413
-2360
1914
1944
1469
-1821
-1327
779
-1560
-1373
2499
-1181
2374
1119
-812
929
-1380
1754
-1857
1373
1754
918
-539
1909
405
2319
1996
-1022
1621
1679
1617
1127
-2309
-952
-1991
1749
1897
-2062
-2227
-1942
1019
2147
-1738
1746
-2244
954
-1217
-1441
-1837
1854
-945
899
-1733
2478
2374
1514
812
-978
-1863
-2711
2426
1759
-2698
-1871
1249
-1688
482
1803
1843
2437
1102
-2455
673
-1077
639
1328
1835
-1644
772
-1871
1100
1776
1983
1732
1508
-2393
816
-1572
-2352
1201
-1159
990
-1347
1343
-1135
-1253
2102
-1192
2361
1893
-1765
1270
-2116
-859
-988
-887
-1309
1433
-951
-628
-2141
2025
-965
-1394
1751
-845
2476
-949
1207
1908
1987
-2587
2517
1420
176
2048
2093
1579
-2106
706
2096
-2145
718
-2217
-935
1084
-605
-682
-1423
-414
1394
579
2215
-1465
859
1695
1731
-597
2156
-1421
-1520
-1168
624
-1892
2598
1155
879
-1751
-1917
1908
-1405
-2248
-1002
-1625
2169
-1311
-1553
-1775
-2772
1763
781
-1977
609
1011
1257
573
889
-1769
2520
-1194
-1648
1467
1527
-1200
-864
1475
663
1697
1264
-1155
1505
-1378
2272
1037
1799
1603
-1840
-1761
2220
-2081
1772
-923
-1532
1365
-1030
1094
1984
624
1093
1416
-1270
2300
-1987
1517
808
-1979
-2238
1234
-966
-2421
-1955
1447
-1458
1510
-1928
-1331
1591
2194
1915
-1462
787
-666
-1865
-1442
-1714
1848
-1943
1214
1310
-1345
-1096
-1492
2162
1436
-2043
2525
-1608
1300
-937
690
-1584
-2036
1433
637
533
1170
-1231
1054
1690
-1607
1838
1606
-1043
1364
2721
1518
1432
1642
1866
1029
-2083
1070
1137
-1905
-1209
-1352
1465
918
-682
1009
-1868
2284
-742
1126
-1018
916
738
-1138
817
-1732
1578
-863
-2345
770
2737
1542
-1241
1872
-1798
1872
1265
406
1530
1906
1168
-2638
1532
1396
-1511
1440
-1373
2244
2059
-1084
-326
2047
-2014
-1307
877
-906
1594
-1384
-1160
1736
448
-517
-857
-1103
-1620
1364
-823
-1163
1593
1248
-1436
1083
-542
830
-836
884
-1716
1241
787
-285
1568
1708
-739
-313
2191
-1233
-1941
823
1780
-2182
-1173
-612
-1468
1289
2287
-1854
-2122
1155
-914
-2377
2091
-2156
1138
1749
1341
-1644
1397
2383
-1610
-967
2106
-670
1110
2065
-1586
1644
1449
-798
-1663
1038
2066
-1853
-629
-1733
-2585
1524
1624
753
-729
2232
1697
1864
-2633
-1643
-1978
1732
-1775
1422
1986
-1826
887
1240
1817
-1909
1399
-1250
792
1757
2380
-1281
-1721
-1541
-1296
-1671
2109
-1019
1977
-2521
1992
2350
-1817
2052
-1938
-2245
1245
-2157
2217
-650
-527
-1455
-1206
1786
1950
967
1448
1637
-1091
-617
-1087
-1242
1467
1450
1675
-941
2513
-1672
-2459
-1105
-1523
-1671
-1908
966
-1408
-642
505
1474
333
-1379
-1525
2285
-1353
1139
1065
1259
2050
1316
1045
1246
-1483
-74
1796
-2227
1270
833
2379
-1641
274
-2676
-1480
1183
820
1180
1068
-1144
-2061
-1587
-457
-1563
-1942
2038
-2454
2201
1976
-1623
1686
-1339
1730
2270
-883
1161
-1931
-946
1117
1944
-2006
1179
-1931
-1873
-1016
-778
-239
1759
1608
1553
-1617
-1737
-541
1761
-1264
-883
-1510
1242
-2448
2460
-1142
2564
-2391
1652
-1987
2081
1278
277
937
-1147
-1329
-1848
-1933
-1584
1917
1999
-1294
-1786
1543
1670
-1320
780
-624
1074
1508
-1969
1701
2025
-1834
-2545
-1488
-1461
1810
-946
1839
-2175
-1828
-1379
1327
2349
1724
2211
1562
1119
-1068
-1116
795
-1513
-876
-2472
1454
1892
749
-1050
2379
-364
-1796
2524
-1362
1551
-584
-996
925
1243
608
-977
1513
-1118
884
-2025
-1740
-685
1623
-1611
-1694
-1855
2030
2106
1430
626
2096
985
-428
-1090
1669
-2366
1096
2287
1212
1426
-1910
-2247
-856
-1230
421
1029
-1762
1524
1102
1485
-2218
-1870
1804
-911
1225
1353
197
1306
2095
-968
851
-1030
-1942
928
1687
1153
-2131
1430
1388
-908
697
2069
1491
861
-1077
1686
-2313
-905
-1594
-1031
-921
-891
2480
1884
1494
-1432
1269
1219
-539
1258
-1972
-795
857
-1777
2251
843
-851
-1262
-2378
-1374
-2407
-1063
1038
1443
-1868
-1907
-712
2581
-767
488
1650
-2062
-1284
1569
-1540
1527
903
1909
2027
1412
-1095
-1576
-2841
-2202
-968
798
1464
1694
1051
-1094
-1555
2154
-570
-1174
1235
679
-1329
1770
1176
-1323
-2358
1274
-2035
-1706
1467
-1782
-1427
1257
2044
1369
2363
-1615
2403
-2178
1832
1763
2125
778
-2320
1972
-1970
2383
-1636
450
-1017
-1812
-1783
1354
-941
-1809
314
1728
1714
-1947
-1969
-1663
-1611
-1272
-443
-941
1619
907
1750
-2499
2255
-2483
-1572
1505
1617
-2490
1494
1927
2038
-2570
-2126
708
-726
-1911
-688
1986
1835
1439
942
1786
-2209
1420
-2296
1312
-1379
-2027
-2321
1185
-1376
1139
1996
559
-1165
-984
2169
2488
-742
-1520
-1050
-2024
1306
-1930
2228
567
-1478
1435
-1378
1133
-2031
822
963
1200
1831
-1856
1033
1708
1797
2688
-2067
2739
2080
-2397
-2392
-1040
-475
1480
1659
-1213
-724
1476
-539
-1461
-1112
-1483
1353
-1742
443
-2646
548
-918
2050
2423
-1325
-1482
1231
682
-2250
1189
1951
684
-2503
1406
-1849
-206
-2064
-1039
1601
-1450
-862
1888
-545
-1674
-1489
2610
1971
2084
731
-760
-1851
1544
-1446
-1986
-937
1869
456
1474
889
2240
-1562
-1523
1638
-991
-1812
1977
-1145
1222
-2255
2021
-2269
-1678
441
1087
-1400
1617
1971
-989
1225
1328
-1154
1078
-945
1637
2606
-1665
1164
2583
1644
-1082
544
2292
-1119
1669
2428
-1353
-1071
676
2055
-1594
1586
-2357
1971
-1146
-1736
1995
-1147
-862
1866
2341
-1926
-1347
2198
-1998
-1151
-1389
-1834
-1858
1289
-2392
1809
2814
-2262
2349
1776
2131
-2148
2243
-2057
1904
1067
765
-1270
-1156
-1983
1798
839
-353
1705
950
-1501
-1856
1657
-2139
-2565
-1175
1366
-1248
-928
1004
-1130
-1492
-1138
2431
2287
-1416
1476
1103
394
-2191
2150
-2032
1747
380
1144
-1673
-878
1058
-1238
1459
1366
1001
2168
-1829
2533
-1871
-1506
-887
-1389
-1734
1576
1230
-1560
-618
1470
-1831
1446
1429
-982
-537
1683
1443
1128
1016
1033
-756
1460
2091
2463
2008
-1516
-1879
-1749
-2412
-2233
-1890
-1542
1561
989
1793
1633
-2210
-1166
371
-1689
1193
1854
-2299
-2391
2070
1232
-1377
-924
-2044
2087
-1354
-2020
1170
-502
-1996
-2084
2064
811
548
-1778
-1880
2169
1449
1813
-1596
-1230
684
1352
1883
1254
-964
-1042
2247
1439
-957
1334
1977
2529
733
-1630
1322
1540
1534
2161
451
-1206
1959
-865
-1395
1358
-1259
2288
1137
2236
-1545
-1348
-1494
-1309
-1320
-1075
1960
1860
942
-1400
-823
-1519
-1178
2344
-1782
-2429
1979
-1069
2117
-801
-1109
-1930
-1403
1158
-551
1842
-1914
1967
-2206
-965
-1740
-1373
1577
1340
-786
2074
954
-1606
-565
-1682
-798
-744
643
549
-1625
-928
-1740
-1937
882
1468
-2466
1533
1080
-1955
1295
1318
2501
-1423
-1375
-2640
1153
1805
-2253
593
2443
-1898
-744
-328
2260
1388
-1854
1837
-1644
-831
1520
-1666
-1467
-1081
-1440
1164
2010
-1145
-752
2364
2630
-1709
-681
1165
-1083
-1185
-1832
1298
-1302
2237
-1996
-2133
-1961
1975
-503
-1490
1069
-540
-1333
1485
1401
1024
-1036
-870
-2066
-1575
-661
-989
-2548
-2098
-1008
2030
2038
2229
-1664
681
1409
-1979
-1268
2128
2090
1238
909
2248
-1652
-2222
1153
-2056
-498
2592
-749
1612
1061
-1810
887
1192
-1392
1360
2354
1572
2171
1513
1000
-2164
-1636
1881
1275
976
2007
1147
1791
-1062
2684
1382
1074
-1491
-1633
-557
549
1514
-1329
-1561
-1286
-653
-994
722
-1068
1912
-1710
-1072
918
2350
-1554
1768
-986
-1824
-2089
-993
451
-1190
-2222
1625
888
-1868
-2247
1010
-1866
1233
-1862
578
-1912
-1107
-2159
-1017
-762
900
2449
1115
1080
2364
1809
-2090
-1209
-2316
-1997
-1694
-1586
1656
-1307
1416
952
1555
-1076
-662
-2125
-1880
-1069
1707
-2361
2193
1436
-1547
-1774
-1323
-1546
543
848
861
1989
937
1000
2211
966
1844
1402
-1092
-870
2369
782
2149
-1403
1919
-2164
1403
-1471
-1844
1143
523
1643
-1708
-1274
581
1551
-1029
-431
-1481
-1552
-1471
544
1673
1000
-1207
1417
1932
-1427
1244
-1678
1667
1861
-2454
-2271
-993
-1269
-1875
1287
-1654
-913
1224
-2284
1803
1438
-1852
593
-1729
1789
2395
2218
-1966
-280
-772
-1800
-835
1771
-1679
2396
1805
-1067
724
1761
-1804
2042
-1559
835
-1482
-1752
-1179
2269
-1222
-1104
-2248
1415
2289
1344
980
-1881
-749
-1259
-1596
2352
-2199
-1159
1590
-1199
-1128
-1701
-1615
1220
-1291
1654
1430
-1501
1795
-2002
1089
1874
1761
1214
1779
1321
2263
-1879
1769
1445
-2354
2236
-673
1201
-1045
-971
1225
1006
-1934
1540
2232
-725
-2250
1523
1668
-1560
-1267
-1729
972
-2081
1872
1362
1610
1060
-2030
-1111
2528
-2018
-585
-1993
1916
1523
1931
676
-1733
1638
1958
-2134
-1241
-1074
476
-1394
-1356
2298
-1903
453
-522
1324
-1871
1957
646
-2245
-1522
1910
782
1603
2149
-1022
-1962
-1671
1687
1624
-1224
-1690
917
-1267
-1281
-1611
-723
2151
1924
-2208
2249
1645
1627
-2316
640
2421
-2085
-1767
1710
1015
-1933
834
-511
-2269
-1752
1751
-1721
1366
-1615
2037
-1384
-2497
-1683
1384
-2203
-891
-805
1717
-666
1504
-593
-766
1256
1947
-1874
1761
310
-1781
1756
1504
2109
1450
2159
-439
-870
-728
-1723
-1757
985
-1295
1201
1442
1740
1839
1849
-1856
972
1835
1363
549
1733
-1539
1976
-2219
1481
1721
1129
-1281
-1437
1861
1164
-1126
959
-1608
-867
1162
-1340
1256
1201
1140
767
-1033
-1378
-1531
-961
-2560
-1765
-1992
-1305
-1340
-2111
-1588
1852
1564
752
-1263
-1939
654
-1685
-2405
816
1110
1794
-694
-1781
-1001
-2514
1650
-1587
2490
590
-1520
-1336
2073
1308
1655
-1104
1451
1706
-791
-1498
1192
940
-1210
488
-477
-1288
-1422
-1892
-1676
1652
1276
-1186
-681
589
-1250
-1736
-1058
-1642
517
797
-2325
1522
-1755
2047
-1754
1829
-2498
-1880
2257
1968
-850
1430
592
-1773
1050
-519
1514
-393
2208
1584
-2319
1503
-942
-1199
-1816
1685
-1791
2135
1843
1289
-1791
1863
1090
1929
1463
1961
-1031
-1714
-1512
-741
2382
1658
1335
1563
766
979
1266
1180
-1284
1687
-1463
1803
-843
1115
1385
-1117
-941
-1230
1059
357
-1961
1471
1696
2099
-1784
1752
2009
1465
1646
-1647
-1432
548
982
-2149
-707
1480
-2169
-1269
-1298
-835
-1549
-1865
-1076
-993
2279
-765
1712
1915
1407
1200
1158
-1444
1702
2135
1338
-1954
-1747
966
-1809
-1640
-1297
-1387
1493
856
-1090
-2125
2349
1162
1891
1997
2220
1816
1543
-791
837
-1171
-1055
-1482
-2308
1667
-1837
1184
-1540
-894
1174
-981
1006
1907
-1299
2519
-2165
-1326
1959
-397
-1431
1812
-517
1179
-1096
1545
1304
-2344
1360
1287
1230
1444
-2521
-1922
-2304
1965
1400
-326
1276
-790
-1645
-1501
-2408
-1207
1645
1064
-1491
1686
-1105
1546
-1657
2286
1283
-2020
-1787
-1945
1613
892
737
-2173
-901
-905
-998
1105
2238
2470
-1770
-1500
2471
791
1330
895
1048
-1967
-1340
-2068
1030
-1899
1919
998
-1691
1415
1707
-1830
1154
-1272
-1780
-917
1449
-1833
-689
-1548
1639
-2503
884
-546
1229
1191
1040
1629
1231
1586
-1287
-1957
-712
-1230
1289
-836
-622
-809
1126
1277
2052
2133
-1132
1591
1753
698
1583
1732
910
-581
1921
1023
541
2059
-797
1835
-2122
-1978
-1597
-1229
-1930
-1564
1386
1287
1618
967
-1811
-2009
-2162
1379
1240
925
-1220
-2463
-1138
2649
-2391
-1013
-1675
1493
-871
-1034
-1513
-1587
1472
2263
1919
1617
-1817
962
-2450
1063
-1020
2663
1621
-960
-732
1856
1751
1126
-1239
-640
-818
1398
-1029
2410
-2223
-726
-2278
-518
-1830
-1834
1254
2114
-2367
398
-1559
-1087
1034
-1627
-1077
-554
1209
1720
-1415
-2271
1912
1061
1477
1963
1792
-1218
1232
-1893
-1767
-1902
922
-2097
-1574
-1127
1211
-2451
-2248
2048
1984
1912
1244
1186
2298
-2649
1953
-638
-2403
1313
1656
-1737
1671
1169
-838
-1704
1623
-1077
2129
767
1631
-1438
1931
1529
-2452
-935
2087
-2312
698
-1428
1960
254
1493
1516
1260
1485
-1944
1565
-1173
806
1629
-1711
1310
2504
-2161
-1091
2075
875
-1165
-881
-2176
1922
1755
-2251
2009
-1834
-1149
-1429
577
831
2663
1491
1364
855
-606
730
1678
1986
-1430
-1853
-791
-782
1003
2155
1080
1676
1596
780
1306
-1323
-2084
1014
-2286
1187
-1158
1063
-1926
1154
2234
-1111
728
822
2049
-2399
1084
1038
-1800
-1212
2265
1491
-751
-1535
1850
-1024
-1914
1480
1205
-1305
-1595
1083
-1332
1620
1875
-1592
748
-1524
-1709
1372
1736
778
1820
2101
-2013
-1856
783
1232
-1086
1929
-878
1708
1186
-1562
-1051
1589
1553
-1788
-1152
1308
-799
-751
-1342
719
-2261
1695
-2289
1481
367
-1407
1320
-2125
-1795
-1723
1390
-574
299
-1006
-1391
648
1718
-250
2223
-1916
-970
-1989
1580
-1619
-819
482
1887
-1607
444
1493
1741
-798
-1256
1452
2609
-2551
-2468
-1403
1360
-1602
1465
-1311
-1356
-1132
1627
-1281
-459
1324
-1522
1611
-770
-1386
2310
1414
395
615
-1487
-988
-1670
2388
-745
1933
1850
2258
748
-873
1453
1367
2283
-1893
-937
2159
1533
-922
-1026
1468
-770
2117
-2451
1848
-897
2320
1426
1798
800
1013
879
1234
-1373
-1742
2038
1375
2296
1389
1286
1703
1898
-1565
-1298
1821
1034
1844
-1635
1014
-1978
540
-1708
1620
-1582
1601
-1026
1618
1391
-624
1351
-1896
1557
967
1919
1783
1255
2465
-1435
1639
-1502
-1485
1391
-1623
2133
-1872
-1407
1549
-1981
1803
-2047
-1842
860
-2352
-1268
877
-2303
1872
728
-508
-1200
1964
1603
1606
-1874
-1314
-718
2121
1809
418
597
1719
-1420
1641
1889
-1068
-2008
830
1647
-1461
1144
-465
-2317
1699
-1659
-1577
-892
-1779
-2252
1098
1351
-1752
1934
388
-909
-500
1355
1890
-1657
-649
-1952
619
-1097
1057
1257
-2446
1708
1245
-2510
441
-711
2750
-2456
1683
1200
-1632
-1034
1082
-1679
1532
2108
1075
2466
-2187
-1559
573
1217
-623
634
2006
1537
-1640
-1951
745
-2092
1484
-1509
699
1164
-638
1365
1239
2116
1376
1804
1041
-1133
-2138
-1666
-793
1479
-1832
1342
-912
1030
-1390
-1300
-741
1057
1628
-947
1506
2508
1162
-557
-2411
1619
-1131
-1625
-701
-1970
-1162
-2038
-1334
-889
-1339
1557
-1827
225
1515
1986
1723
-1768
-1412
-1500
-1949
2581
828
981
-2339
1956
1495
871
1333
-1451
-2000
-651
-1326
1628
1503
1032
2391
1980
1302
1793
1256
872
-1433
1556
-1764
-1784
-1562
1709
-2079
-1834
1635
1008
1975
726
-616
-1554
1812
686
-1251
2164
-1279
-1543
-1515
656
-2291
1248
2390
-2468
-1962
-1271
-2017
-826
1127
-1483
-2324
1870
-2243
504
290
2165
-1632
-1348
-1449
896
-1730
1450
1476
-1521
-1156
1467
-2339
-1980
1162
1084
1047
2540
-1388
1396
-1555
2861
247
2431
1888
-1666
-2261
-2056
-2064
-1336
335
737
1254
-991
-1176
1508
955
1122
-1412
-2552
614
1818
1676
640
747
-2179
-1278
1461
2479
633
-1138
-1321
-2011
1282
-1454
1421
-1236
833
-2116
1658
2189
1010
-2279
1358
-1026
917
2202
-1381
615
-1684
761
2021
1681
842
-1535
-872
1846
-2399
1336
1292
-1487
1427
-1973
1665
2001
-373
1277
-2504
1222
1366
872
1912
-885
841
2716
1377
952
-1298
-995
1343
-1787
-1871
1745
-990
967
-1898
-1615
1576
-1376
-1338
1689
1336
-743
-2053
-1213
1796
790
1695
2210
1483
-1816
1972
965
2270
-1708
-707
716
-2231
-1606
1301
-1973
1753
2048
-1044
-1072
1135
-1305
-1613
-1614
2071
-2145
-1891
1489
-1831
-1989
-2096
-1995
-725
-1582
-2518
2297
771
-2353
1151
713
-1881
1414
1983
1709
-1009
1465
1171
-639
1897
-1546
-837
1488
1418
-1168
2604
-1582
2069
-1965
1041
2571
1344
1625
-527
1577
2096
2158
-2791
1846
-2192
-1917
-654
-1099
-1635
-1891
1551
2386
-1159
2563
1259
1045
-1623
2120
2099
1690
1723
-1931
588
-1285
1110
575
-1355
-873
-2714
1873
-2172
-1139
-1962
459
-1058
457
-241
-2278
-1736
1069
-1013
-1357
-1594
1506
2289
-1868
725
-981
-2126
873
2292
1685
767
1879
2194
1990
-1679
-1201
-2324
-1269
1336
1904
2102
-1655
-2084
-2122
1826
2050
-863
-2058
1706
1541
-1300
1654
2136
1539
-1911
879
1821
-841
415
1011
-1223
-1427
1090
1701
-2019
2082
-1903
1673
-2268
2053
-1845
2132
1666
1130
-2062
-2246
1460
1567
2411
-2289
-1845
-2021
1702
-1370
1293
803
1549
2074
-853
1033
2352
882
-2383
939
-1415
-1009
1311
-1605
1603
-590
1943
903
1171
-853
-1769
2018
-1615
2013
1460
947
-1992
-2091
2062
-1556
2639
1310
2001
-568
760
-1951
-1788
1203
-742
1936
-1055
-1584
1280
-1991
1526
-2063
-891
1738
-1748
1222
1177
-1095
-1834
-1585
1078
1220
-1774
-864
1379
671
2794
-2821
1185
1482
-1531
1557
1814
1600
-282
1814
-1097
1329
794
1614
697
-1544
-435
-1005
-1430
-934
1759
1583
-1942
813
-2374
-668
-1252
-1738
1219
-1629
-2362
-1342
2177
-2186
-1146
1307
1594
1397
-2068
536
1486
1889
-526
1420
-695
1572
-1922
463
-1700
-1233
2377
-910
-1821
-750
1856
1993
1154
1947
1565
1961
-1537
1120
546
1952
2112
808
-1212
2146
-889
927
1365
-927
-1548
-1966
-1859
-1176
1465
1221
-1867
-1111
2062
1229
-1509
1304
2044
-1698
-2682
1829
-1912
-903
1672
-1272
1434
1050
1484
-1390
-1844
700
1508
-1934
2386
-2130
1756
1201
1913
-2133
-1677
2232
1860
-1221
-2186
2328
-1674
-1586
-751
1896
-669
1065
1488
-1142
-2049
-820
1591
1504
607
-1010
572
-1857
2412
310
889
-1129
-655
-1642
-1004
744
-151
1036
-2314
-1577
778
-2408
-766
1245
1306
-473
1842
1804
1655
-1590
-2272
2346
1582
1293
1464
809
1120
1249
1924
-2072
-2207
-2009
-2575
-1728
1202
-2412
-759
-825
-1101
1423
812
-1849
-1514
2018
-1641
1949
-1108
1941
2396
-973
1570
2169
2179
-1325
-856
1205
-1154
-1134
-947
1215
1179
2313
-1279
-1010
-1036
471
1335
-1603
-2312
1423
-2762
-2799
-1891
1051
-1294
607
-1515
1016
1747
-1399
765
-1527
1437
1808
-647
-1339
115
1933
-1299
-1273
1631
1904
-1347
1128
919
-862
1975
2115
808
852
2029
1131
1468
-342
-457
804
1561
-1329
690
1484
-2038
-1238
2642
441
715
-1102
-1449
913
1866
528
1050
2443
-1150
1506
-1908
-176
-808
1850
1038
-2099
998
-1768
-1266
-1767
-870
1903
-1471
698
1884
-1171
1294
1344
-777
1513
-1059
1415
-1662
1415
1773
-923
-1566
1186
-1500
-1660
2696
1276
-720
1033
1886
1599
1829
1696
1410
531
-646
-2724
1688
775
-1395
1083
-2052
-2114
2358
2303
-1247
947
-2040
-1352
1464
2108
-1282
352
2155
723
-2124
-1725
115
2006
-1371
1693
-1567
-1060
-1766
-2050
1203
-1408
-1706
-1457
1386
-2265
1201
2289
-1334
1381
-1349
-1379
1996
-950
1608
-1373
-852
-822
-2130
-2001
-1235
1497
2258
-2101
-228
-933
2207
-508
-1432
-1421
1646
2000
1317
1879
1572
-1332
1074
772
1876
-1951
1429
