1 9 11 13 32
1 4 10 14 23
3 4 7 25 40
13 23 27 30 34
6 8 11 19 33
1 13 14 19 38
8 29 30 33 36
10 14 20 26 34
8 10 17 19 29
3 15 29 34 39
4 11 25 34 35
4 9 13 20 34
1 6 32 34 36
6 16 27 31 36
7 19 23 24 30
3 8 15 17 19
10 24 26 30 40
6 20 24 28 32
2 6 13 17 31
5 6 8 31 33
1 19 23 29 38
3 12 28 30 33
9 19 21 23 39
6 8 27 33 38
8 21 30 31 36
13 21 31 32 40
4 6 14 32 40
8 9 21 26 39
6 15 29 36 39
8 17 27 33 38
13 15 16 22 34
4 6 9 10 25
6 13 22 27 33
10 14 23 37 40
3 4 23 24 33
9 11 22 27 29
8 25 27 37 40
1 5 33 34 40
22 23 26 35 40
5 7 17 20 31
1 9 16 26 40
4 6 28 30 33
5 9 18 30 36
7 10 14 32 38
6 7 23 36 38
1 2 27 28 34
20 21 32 36 40
2 9 12 14 34
12 32 36 38 40
5 7 28 29 31
7 12 20 23 31
8 14 18 23 26
11 21 32 33 39
20 30 34 37 38
6 12 19 26 33
2 14 18 29 35
4 10 27 29 31
5 16 19 26 37
5 11 17 29 36
7 9 16 35 36
5 12 29 34 39
3 5 27 34 40
3 7 18 20 36
4 8 11 18 36
3 17 22 33 39
5 8 12 14 27
10 31 32 34 35
9 11 28 29 39
5 21 30 32 38
3 10 13 14 27
1 7 23 24 32
5 7 22 25 32
1 2 16 26 35
11 16 23 31 34
6 13 21 22 40
2 14 15 19 38
13 17 27 30 36
4 11 25 26 38
2 17 22 29 37
8 14 19 27 29
6 13 30 33 34
5 11 27 29 37
9 12 13 15 40
8 13 14 17 31
1 3 7 13 32
11 23 28 31 40
14 22 23 36 40
14 19 25 33 38
4 14 19 20 35
2 3 23 29 30
4 10 20 28 37
32 34 35 37 40
3 19 20 28 30
10 17 24 28 33
9 21 26 33 38
7 16 17 26 27
10 15 30 36 37
1 6 15 25 27
2 4 5 36 39
3 13 23 24 27
10 15 27 28 31
7 9 13 24 25
4 7 9 16 28
3 5 22 25 31
14 30 31 36 38
11 13 20 21 39
1 9 30 34 36
13 18 24 36 39
9 22 24 32 35
7 15 20 26 28
1 7 8 21 40
7 11 28 39 40
5 7 15 34 36
4 14 15 23 29
4 10 18 27 30
9 18 28 30 31
18 26 27 30 34
7 14 17 28 39
1 9 19 23 33
5 15 28 31 40
11 12 21 23 26
7 18 22 27 33
3 8 17 25 32
16 19 26 27 31
5 22 25 33 39
10 14 22 35 40
9 17 25 35 36
4 6 8 21 24
1 16 19 28 36
8 11 24 26 38
3 5 10 28 29
1 4 22 28 30
19 30 32 34 40
1 17 29 30 34
7 9 18 27 28
4 6 12 24 40
2 4 18 19 25
4 18 23 32 37
1 20 32 34 36
1 10 13 25 39
1 13 18 21 27
1 5 19 26 37
5 27 30 36 40
2 5 21 22 36
9 11 26 27 28
4 7 12 27 29
3 13 28 29 37
9 10 13 15 32
18 19 22 29 36
1 12 18 23 30
