4.797480e+02
-2.691184e+02
2.797596e+02
-8.369462e+02
-8.066043e+02
-7.897111e+02
2.165783e+02
-1.148229e+03
-1.158582e+03
-8.065673e+01
-1.104222e+03
-9.121376e+02
-7.671989e+02
3.527905e+02
-1.127573e+00
-6.392018e+02
-6.564653e+02
5.690211e+02
5.046397e+01
-7.338596e+02
1.028824e+03
9.581638e+01
4.537134e+02
4.378163e+02
-8.552199e+02
-2.129085e+01
3.140572e+01
3.941167e+02
-3.895768e+02
-7.059703e+02
-1.757353e+02
6.283184e+02
-7.123575e+02
-1.542748e+02
1.063966e+03
6.174325e+02
1.649085e+03
2.515496e+02
6.077332e+02
-8.753958e+02
2.498826e+02
-2.524190e+02
-5.107786e+02
8.604203e+02
7.102772e+02
-5.147790e+02
4.060385e+02
8.688973e+01
-4.949591e+02
9.268582e+02
-6.622946e+02
1.895295e+02
-1.478464e+02
6.684453e+02
7.929148e+02
-1.258392e+03
-5.309194e+02
-3.206637e+02
2.004479e+03
-3.218461e+02
3.124625e+02
5.558047e+02
-2.986420e+02
-1.944580e+02
3.832884e+02
3.360881e+02
-1.129892e+03
-4.769827e+02
1.485103e+02
-5.464478e+02
3.163394e+02
-1.841275e+02
7.566104e+02
-3.024064e+02
-8.960669e+02
-3.297643e+02
1.698420e+02
4.279888e+01
5.632499e+02
6.226026e+02
-6.599579e+02
1.554802e+03
3.147664e+02
1.141926e+02
-7.713827e+01
1.681552e+02
3.869875e+02
-4.306488e+02
-6.973528e+02
-1.292422e+02
-4.510483e+02
1.218323e+02
-3.374230e+02
1.893080e+02
-5.778345e+02
-1.205959e+03
-1.225502e+02
-1.563198e+03
1.529238e+01
-9.390486e+02
8.004629e+02
4.631716e+02
-9.342691e+02
5.370974e+02
-3.376255e+02
1.912675e+02
-2.266467e+02
1.197188e+03
8.300214e+02
-1.582869e+03
-1.511640e+02
-3.297713e+02
-4.655074e+02
1.067991e+03
-6.158522e+02
1.216929e+03
-2.017636e+03
6.450992e+01
1.056973e+03
-2.094075e+02
7.353782e+02
-8.099095e+01
-7.492820e+02
-1.972410e+02
-7.618574e+02
-4.197736e+02
-5.610723e+02
9.224118e+02
5.869944e+02
6.219643e+02
-5.702365e+01
9.713406e+01
-8.938565e+02
-5.941147e+02
-9.560221e+02
1.438414e+03
-1.145121e+02
6.637996e+02
5.586462e+02
-1.144918e+03
5.657649e+01
-1.326488e+03
3.606509e+02
4.447242e+02
7.332336e+02
-4.175256e+02
-5.294150e+02
3.360623e+02
2.593192e+02
-2.092314e+02
-2.799900e+02
-1.190615e+03
2.525963e+02
7.074238e+02
-9.926296e+02
2.741279e+02
-3.077578e+02
-1.059336e+03
-1.279717e+03
9.146642e+01
-7.148195e+02
-3.566534e+02
3.593630e+02
4.949830e+02
-3.580627e+02
1.880971e+02
-4.208162e+02
1.952705e+02
-3.313249e+02
4.062176e+02
-2.276328e+02
-1.814087e+03
-1.147980e+03
-2.652776e+02
3.686158e+02
2.532175e+02
-4.972956e+02
-1.194551e+03
4.541469e+02
1.435370e+03
7.744609e+02
-6.425011e+01
-5.356229e+02
2.475163e+01
4.301542e+02
3.060345e+00
1.124629e+03
3.665497e+02
1.591305e+02
8.082564e+01
4.867771e+02
-1.134940e+03
3.330165e+02
4.297272e+02
-2.041785e+02
2.797536e+02
1.279212e+03
-1.245489e+02
-4.705685e+02
1.142729e+03
-1.093895e+03
7.267457e+02
1.249003e+03
-6.071443e+02
5.701217e+02
3.034206e+02
-2.545351e+02
2.042731e+02
3.869212e+02
-1.446840e+01
1.422352e+02
1.913462e+02
-4.416672e+01
-4.173002e+02
1.014867e+03
1.679167e+02
-3.725388e+02
-1.728484e+02
2.746385e+02
4.760730e+02
-2.796882e+02
6.331753e+02
1.522611e+03
6.188720e+02
2.426941e+02
1.258467e+03
-3.350982e+02
5.219674e+02
-2.961945e+02
7.736170e+02
1.823402e+02
3.833662e+02
-6.474764e+02
-7.884788e+02
-6.786061e+02
2.222264e+01
-1.405834e+03
9.943658e+02
-3.958293e+02
3.958475e+02
-5.374403e+02
3.858680e+01
-4.744027e+02
-1.774943e+02
1.483151e+02
8.227266e+01
-6.000377e+00
2.607994e+02
3.229372e+02
-5.101196e+02
-5.222261e+02
4.628038e+01
-4.113136e+02
9.218534e+02
9.934659e+02
2.391125e+02
-2.224446e+02
6.064624e+02
-9.135347e+02
-2.195934e+03
5.572545e+02
-4.226584e+02
2.726522e+02
-5.158474e+02
-2.091506e+02
-4.597995e+02
-7.373777e+02
1.143841e+03
-1.284594e+03
-1.124952e+03
-3.896761e+02
-4.784805e+02
3.184015e+02
3.738191e+02
1.316788e+03
6.786468e+02
-1.635683e+02
-7.882163e+02
8.679231e+01
-1.216293e+02
-2.529499e+01
3.648869e+02
7.941477e+02
-9.089339e+02
-3.592337e+02
3.340443e+02
-4.603421e+01
-4.131435e+01
2.461596e+02
-3.597131e+02
1.132446e+03
-2.690967e+02
2.972781e+02
5.402915e+02
2.114363e+02
-2.036208e+02
-1.428290e+03
-1.764429e+03
5.899781e+02
-6.303420e+02
1.320546e+03
-1.069080e+02
-2.420250e+02
-4.980409e+02
1.971897e+02
9.767917e+02
-9.913432e+02
3.371461e+02
9.163293e+02
9.101118e+01
6.869981e+02
7.530821e+02
-8.454633e+02
-3.180308e+02
-5.908664e+02
-3.064710e+02
5.870515e+01
-7.617864e+02
-8.075478e+02
-6.378416e+02
-4.169931e+02
-8.672346e+02
-6.199638e+01
-4.790202e+02
-4.898324e+02
8.270641e+02
-1.728871e+03
-3.704133e+02
-9.119525e+02
-1.349815e+03
-2.067698e+02
1.159282e+03
5.847007e+02
-1.461055e+02
9.480296e+00
8.795104e+02
-2.826791e+02
-5.218119e+01
-3.835655e+02
-1.157658e+02
1.448440e+02
-1.392854e+03
1.125723e+03
-1.042401e+02
-1.541751e+02
2.680487e+02
-2.886749e+02
6.728959e+02
-2.642246e+02
-4.803126e+02
7.690653e+02
3.114585e+02
-4.624376e+02
3.047787e+02
3.478953e+02
-3.818154e+02
7.301888e+01
-7.518293e+02
3.401956e+02
8.779242e+02
4.949413e+01
-3.901151e+02
8.134592e+02
-5.996538e+02
2.150068e+02
-8.186727e+01
-7.342129e+02
-1.546968e+03
-1.146139e+03
5.108869e+02
7.118733e+02
-1.467244e+03
5.817286e+02
5.329153e+02
1.400509e+03
9.208893e+02
-8.177072e+02
-6.251457e+02
-5.161754e+02
2.358736e+02
5.470155e+02
8.053317e+02
1.144302e+03
8.863680e+02
4.173365e+02
6.486556e+02
3.186626e+02
5.591668e+02
-8.080587e+02
-1.746078e+02
-5.070531e+02
-6.240935e+02
-5.228980e+02
-7.363942e+02
-4.559532e+02
9.287096e+02
1.198624e+01
-3.505881e+02
-7.187592e+02
-2.459638e+02
1.277597e+02
-3.975670e+02
-7.037900e+02
4.291642e+02
2.931823e+02
7.054213e+01
-3.290716e+02
-1.561506e+02
-2.669740e+01
-6.962864e+02
8.328177e+02
4.588376e+01
1.499301e+02
5.471832e+02
-6.015811e+02
7.162800e+02
9.201229e+01
6.438337e+02
8.080255e+02
-7.386668e+02
-1.980178e+02
2.266112e+02
-1.118765e+03
1.057028e+03
3.943272e+02
3.169783e+02
2.130102e+03
2.720429e+02
-5.003763e+02
-1.954339e+02
-9.318471e+02
-3.451158e+02
1.186719e+03
-9.038315e+02
1.042306e+03
6.666776e+02
2.732395e+02
1.173971e+02
-1.095736e+03
-1.063999e+03
1.082677e+03
2.559794e+02
2.154848e+02
1.165130e+03
-5.507292e+02
4.499812e+02
-6.621061e+02
2.387277e+02
1.381195e+03
4.043959e+02
-1.266008e+02
1.462879e+02
-3.339187e+01
-1.943331e+02
6.279012e+02
-6.814320e+02
-2.493580e+02
4.279308e+02
2.638813e+02
-6.987607e+02
2.196964e+00
7.987651e+02
3.876369e+02
-3.002095e+02
-1.133668e+03
-7.739248e+02
8.422399e+01
1.368410e+02
1.194340e+02
-9.029567e+02
1.215239e+02
6.365091e+02
3.380865e+02
-5.466661e+02
-1.201672e+03
2.914260e+02
-3.287392e+02
-9.478468e+01
-2.089276e+02
-9.205134e+01
-5.850576e+02
-6.402433e+02
1.416140e+02
-4.211184e+02
1.031930e+03
8.566212e+02
-1.312756e+02
-1.043802e+03
3.532739e+01
1.184968e+02
-1.086825e+03
5.016833e+02
-1.267989e+03
4.659401e+02
-3.511943e+02
1.076402e+02
2.047594e+02
6.546066e+02
-1.025000e+02
1.488688e+03
-1.101365e+02
-1.265187e+02
-7.867349e+02
2.987382e+02
-8.174417e+02
7.271267e+02
-9.186493e+02
-1.819411e+02
8.292469e+02
-3.853621e+01
2.130178e+02
-6.881463e+02
-3.997733e+02
-6.171898e+02
9.942517e+02
-6.447056e+02
-1.951877e+02
6.596414e+02
-1.052643e+03
-4.076496e+02
5.228041e+01
6.854971e+02
-1.417977e+02
-2.848207e+02
1.831595e+03
-2.160163e+02
8.812035e+02
1.021806e+03
1.327766e+03
5.907429e+02
-4.209013e+02
-1.068568e+02
-5.885796e+02
-3.671519e+02
-8.240781e+01
9.495479e+02
3.289301e+02
3.229581e+02
4.051333e+02
1.648692e+03
-8.416156e+02
-1.226197e+02
-1.131559e+01
-1.303236e+03
1.648351e+02
-6.829801e+02
-1.337864e+03
5.347440e+02
6.296628e+02
3.523064e+02
-1.409836e+03
-4.380821e+02
9.664114e+02
-1.010683e+03
1.338754e+02
1.111688e+03
-7.998821e+02
2.877486e+02
1.357747e+03
-6.566382e+02
5.721933e+02
8.451392e+02
7.058713e+02
-1.480176e+03
2.103629e+02
-2.446220e+02
5.240005e+02
7.666412e+02
2.275907e+02
-6.358072e+02
2.664984e+02
-6.253003e+02
3.293268e+02
3.550983e+02
-1.696324e+02
-1.511802e+03
1.088308e+03
-7.885696e+02
-1.123115e+03
6.904699e+02
3.114311e+02
4.923935e+02
-9.774701e+01
-8.273693e+02
7.029898e+02
-1.328815e+03
3.828595e+02
-3.350474e+02
8.491400e+02
8.639302e+02
2.843103e+02
-5.337296e+02
-6.798629e+02
1.196922e+02
-6.719331e+02
-6.048225e+02
4.119712e+02
4.007159e+02
1.910889e+02
2.136670e+02
6.955466e+02
-1.792398e+02
2.914999e+02
4.506521e+02
1.001245e+03
1.499832e+03
-1.221006e+02
-2.326000e+02
1.715183e+03
6.884391e+02
1.404210e+03
8.983575e+02
3.221571e+02
-8.025984e+02
4.463480e+02
-4.558098e+02
-9.274289e+02
5.416787e+02
-4.022490e+02
-1.742661e+02
-3.166484e+02
4.948658e+02
3.679220e+02
1.280433e+03
5.776096e+01
-2.474241e+02
2.929520e+01
-5.196438e+02
-1.018842e+03
-5.018417e+02
-3.459227e+02
-6.664181e+02
-1.196068e+03
-1.357126e+03
-5.145081e+02
-4.828646e+02
6.943020e+02
6.126687e+02
4.513957e+02
8.003381e+02
-1.025830e+03
1.159623e+03
9.677742e+02
5.207954e+02
1.869556e+03
-9.430439e+02
2.168821e+02
-4.798793e+02
3.638289e+02
-1.872451e+02
-1.155796e+03
1.293900e+03
-9.301263e+02
-3.588390e+02
1.471007e+03
9.995717e+02
-1.240756e+03
-5.877356e+02
1.037385e+02
-6.470038e+02
2.847552e+02
-3.753218e+02
-6.104575e+02
4.425655e+02
8.541994e+02
-5.477399e+02
1.533410e+02
2.273589e+02
8.821495e+01
1.690928e+02
-8.028262e+02
8.968821e+02
-3.067590e+01
-6.625531e+02
-1.140800e+03
-2.179863e+02
4.744397e+02
-8.621185e+02
1.452384e+03
-9.121529e+02
8.274262e+02
-4.769503e+02
1.141822e+03
8.678398e+02
1.130867e+03
1.690472e+02
-1.732570e+01
-9.231522e+01
8.961499e+02
2.612476e+02
7.995974e+02
-1.310186e+02
-1.553683e+02
7.506516e+02
1.469165e+02
5.556520e+02
-6.060715e+02
3.362078e+01
-8.818392e+02
-9.465981e+01
4.378365e+02
-3.291582e+02
5.223863e+02
-3.172518e+02
-3.655134e+02
1.425139e+02
-1.137316e+03
-3.472806e+02
-1.366837e+02
-2.060325e+02
1.511698e+03
6.661674e+02
2.593557e+02
1.155605e+02
-2.456688e+02
1.392428e+02
9.997679e+02
-3.420676e+02
1.361861e+03
-1.651567e+02
1.346569e+02
9.904135e-01
1.497202e+03
1.468771e+03
4.527023e+02
1.372054e+02
-2.008162e+02
1.873584e+01
-1.139013e+03
-3.031716e+02
8.577010e+02
3.825913e+02
-2.458727e+02
1.332452e+01
5.281632e+02
-5.006434e+01
-1.858378e+03
1.914633e+02
5.903177e+02
-7.037757e+02
-4.523011e+02
-7.448288e+02
1.345614e+03
4.299246e+02
-1.625103e+03
-2.001693e+02
7.980402e+02
-1.414418e+03
-7.000218e+02
-1.553076e+02
5.825982e+02
7.318032e+02
1.177101e+03
8.308070e+02
2.025343e+02
6.351385e+02
-1.065935e+03
4.546482e+02
-3.252075e+02
-1.357508e+02
2.551268e+02
4.276136e+02
8.977712e+02
-1.457993e+02
-4.834191e+02
3.072227e+02
-7.730040e+02
-9.026027e+02
5.116978e+00
-7.604038e+02
-1.143911e+03
3.673461e+02
2.395051e+02
4.310095e+02
-5.039258e+02
8.360221e+02
1.980323e+02
-4.278051e+02
-3.671542e+02
-1.037920e+03
-2.183959e+02
1.485921e+03
-3.079331e+02
4.063438e+02
-1.811199e+01
1.235640e+03
-2.403274e+02
-4.522769e+02
8.418706e+02
3.431705e+02
4.524071e+02
8.111268e+02
-4.422629e+02
1.425437e+02
-2.515430e+02
2.505046e+02
-1.354417e+03
-3.990053e+02
-1.128136e+03
1.104172e+03
1.188686e+03
4.200901e+02
6.945160e+01
-5.077095e+01
1.378400e+02
4.827341e+02
-2.446486e+02
-9.371198e+02
-1.857180e+02
-7.786349e+02
-1.893494e+02
-2.143715e+02
-1.788437e+02
-2.603965e+02
7.247714e+02
-1.465076e+03
-1.554995e+03
-1.245204e+03
9.552644e+02
1.700546e+03
-1.021623e+03
1.009063e+03
-9.431506e+02
-5.964092e+02
4.290870e+02
-1.701774e+03
-7.128594e+02
-2.007604e+02
-1.205229e+03
1.300223e+03
-9.104256e+02
-6.147715e+01
2.658568e+02
8.692743e+01
5.987356e+02
1.936595e+02
3.721780e+02
-1.619280e+03
-6.796238e+01
1.154392e+03
-6.849937e+02
1.681725e+02
2.941748e+02
-1.097718e+02
-8.209712e+02
5.801946e+02
-5.391714e+02
-1.748471e+02
-9.168434e+02
2.022658e+02
7.726540e+01
3.894745e+02
-1.852861e+02
-1.820719e+02
2.548898e+02
6.584162e+02
1.242558e+02
-3.756626e+01
-2.078710e+02
8.839189e+02
1.279286e+03
-2.173406e+02
7.213487e+02
-1.076066e+03
-3.325633e+02
9.521048e+01
2.757927e+02
7.590500e+02
-4.545096e+02
-1.021426e+03
-5.541806e+02
-3.036516e+02
-5.764227e+02
-1.383869e+03
-6.718997e+02
3.545129e+02
5.743274e+02
1.560845e+02
-7.509169e+02
-4.549606e+02
-9.538794e+02
-9.252891e+02
2.747127e+02
4.147583e+02
2.029903e+02
3.432287e+02
-2.500684e+02
-6.949440e+02
-1.261332e+02
-8.750180e+02
-3.952593e+02
-1.116778e+02
-8.059309e+02
-6.691307e+02
1.277140e+02
5.482592e+02
5.196514e+02
7.549237e+02
-1.045612e+03
1.183267e+03
4.478242e+02
7.096064e+01
-3.737646e+02
-1.185235e+03
9.147100e+01
4.605288e+02
-9.921866e+02
7.979174e+02
-1.047318e+02
-3.295682e+02
2.999229e+01
-7.192461e+02
1.943663e+02
-1.262403e+03
-4.273544e+02
-5.045857e+02
5.551202e+02
-1.051530e+03
3.397603e+02
-9.743025e+01
-4.027750e+02
-4.126005e+02
7.471319e+02
8.030139e+01
-1.017037e+03
9.448357e+02
-6.821201e+02
-3.044611e+02
4.616763e+00
6.842642e+02
-2.930376e+02
1.537708e+03
5.320257e+02
2.277561e+02
-2.897713e+02
-4.156460e+02
-5.604563e+02
-1.739303e+02
5.050654e+02
2.616383e+02
5.018254e+00
-7.711894e+02
-5.738987e+01
-2.336537e+02
8.789940e+01
-8.089867e+02
-4.027613e+02
-2.441186e+02
9.591743e+01
9.478459e+02
-1.762013e+03
6.351541e+02
-9.450332e+02
5.651909e+01
-4.351704e+02
7.513037e+02
-5.893243e+02
6.330182e+02
6.366533e+02
-4.461587e+02
3.758546e+02
-1.335627e+02
-8.105927e+02
1.551953e+02
1.542438e+03
2.299916e+02
-2.716394e+02
-6.728177e+02
-9.055543e+02
-3.243587e+02
2.178624e+02
4.699484e+02
5.222755e+01
4.959952e+02
-1.372911e+03
-2.072913e+02
-2.176609e+02
1.379868e+03
-9.769955e+02
4.221470e+02
9.216477e+02
-7.301583e+02
-1.839321e+03
-7.414710e+02
-2.601183e+02
-1.635332e+03
1.842024e+02
-4.701791e+02
4.085784e+01
-7.334259e+02
3.296925e+02
-2.657401e+02
5.633624e+02
-4.823095e+02
7.381066e+02
-2.742131e+02
-4.092518e+02
1.023127e+03
5.235572e+02
-1.007132e+03
